81 stops, 800 students, 20.000 maximum walk, 50 capacity

0	50.000	50.000
1	74.350	63.070
2	71.655	61.990
3	66.821	28.227
4	27.502	43.385
5	71.249	65.059
6	51.960	41.389
7	20.169	25.809
8	39.259	26.929
9	79.026	70.395
10	62.000	57.490
11	61.125	78.633
12	66.957	27.019
13	63.802	59.800
14	24.510	76.461
15	39.587	27.282
16	41.878	70.849
17	55.855	52.018
18	25.620	65.422
19	56.793	58.692
20	24.812	76.652
21	61.752	31.189
22	34.223	58.415
23	26.454	60.047
24	46.254	35.404
25	70.727	60.254
26	21.933	51.223
27	69.538	37.243
28	29.071	48.490
29	32.456	72.887
30	29.377	28.744
31	45.406	60.612
32	21.615	24.739
33	27.636	38.263
34	45.315	32.231
35	50.938	67.789
36	43.121	40.981
37	29.156	44.645
38	27.491	63.168
39	20.568	72.633
40	76.792	49.444
41	25.998	72.656
42	70.135	49.848
43	67.465	37.673
44	49.272	20.219
45	32.621	32.554
46	20.759	68.865
47	60.473	44.606
48	72.558	48.103
49	38.009	74.610
50	53.600	68.411
51	63.851	68.089
52	27.378	27.110
53	75.283	22.946
54	37.101	60.229
55	32.478	34.859
56	72.129	47.288
57	58.959	57.095
58	71.539	22.399
59	59.304	35.928
60	41.753	51.861
61	40.792	76.234
62	79.231	42.508
63	64.876	72.830
64	23.096	25.737
65	31.680	35.821
66	22.779	51.717
67	59.825	37.100
68	78.372	73.100
69	37.401	51.335
70	56.736	57.204
71	23.427	69.975
72	57.139	77.180
73	60.326	76.531
74	69.965	33.277
75	54.057	22.378
76	67.773	58.440
77	75.872	60.335
78	35.904	62.195
79	33.156	67.505
80	45.084	65.820


1	74.111	76.747
2	87.321	66.965
3	76.672	63.797
4	68.105	66.719
5	73.525	78.379
6	82.195	54.408
7	74.237	66.031
8	85.111	49.463
9	89.200	58.457
10	87.032	58.714
11	72.508	62.008
12	82.785	47.379
13	57.713	66.568
14	67.570	60.308
15	80.243	60.723
16	68.801	61.129
17	73.513	67.942
18	69.949	63.790
19	74.702	77.141
20	62.602	72.899
21	53.928	29.144
22	75.643	28.952
23	74.658	23.442
24	71.342	22.224
25	62.540	30.873
26	59.335	31.602
27	64.851	 8.813
28	70.047	42.108
29	66.819	27.919
30	60.321	36.598
31	27.227	34.799
32	40.690	38.702
33	20.353	35.180
34	18.113	41.287
35	30.661	45.186
36	27.632	40.922
37	31.011	53.841
38	27.118	30.479
39	24.419	47.127
40	32.561	45.382
41	57.575	50.835
42	60.400	70.131
43	52.301	61.305
44	76.815	67.267
45	71.003	53.388
46	69.687	68.460
47	80.063	68.179
48	75.905	53.946
49	71.486	65.617
50	69.507	60.013
51	50.220	42.657
52	46.029	53.069
53	33.118	43.704
54	37.777	37.017
55	58.562	31.677
56	65.546	29.162
57	48.373	41.357
58	49.615	44.443
59	55.673	54.869
60	57.749	32.094
61	36.781	36.082
62	 1.559	26.522
63	 6.885	25.412
64	20.288	25.975
65	18.215	43.042
66	 8.231	 9.974
67	20.356	37.392
68	12.247	28.906
69	 8.405	32.309
70	17.088	35.422
71	35.917	34.171
72	49.523	41.637
73	34.348	39.494
74	32.215	26.859
75	28.609	35.344
76	41.540	12.163
77	37.460	20.308
78	31.783	29.185
79	50.501	25.714
80	40.038	26.128
81	86.039	72.603
82	97.816	68.277
83	71.697	62.978
84	73.991	64.908
85	86.981	56.998
86	84.421	78.988
87	76.967	79.990
88	79.527	89.265
89	97.777	68.846
90	74.205	54.203
91	51.249	69.397
92	47.245	58.487
93	63.494	50.897
94	61.373	62.056
95	72.235	50.111
96	47.525	65.924
97	65.303	58.069
98	63.783	56.141
99	66.169	75.162
100	54.504	40.522
101	58.772	93.264
102	67.755	80.537
103	61.921	81.699
104	69.800	90.167
105	60.815	78.417
106	60.252	76.032
107	75.562	81.250
108	63.203	72.459
109	45.032	86.304
110	51.304	80.444
111	82.343	29.703
112	59.674	37.738
113	57.832	19.403
114	79.733	37.576
115	69.919	42.530
116	63.364	17.109
117	47.809	22.868
118	57.497	17.336
119	71.648	45.372
120	64.997	23.246
121	63.800	60.282
122	62.783	63.447
123	66.442	60.739
124	62.371	43.449
125	63.208	60.182
126	63.529	52.715
127	66.231	60.152
128	68.962	61.201
129	65.147	59.187
130	62.624	61.507
131	 7.847	66.789
132	24.663	76.071
133	18.408	83.022
134	21.999	87.855
135	26.507	70.723
136	37.663	66.304
137	23.735	76.077
138	19.057	65.051
139	17.860	76.437
140	34.502	87.584
141	41.063	28.567
142	34.077	20.500
143	36.732	26.195
144	36.261	 8.186
145	35.000	31.807
146	43.574	13.807
147	57.502	18.917
148	36.466	33.719
149	27.408	36.167
150	57.127	21.546
151	45.191	70.259
152	43.714	71.559
153	36.966	75.114
154	44.675	78.234
155	57.581	80.293
156	24.404	71.420
157	43.270	76.007
158	46.196	70.953
159	48.574	81.168
160	27.637	70.310
161	59.218	49.162
162	45.523	57.432
163	62.459	52.982
164	51.880	60.540
165	56.701	39.335
166	68.442	52.770
167	41.423	49.825
168	42.916	41.784
169	50.023	42.141
170	43.699	45.351
171	12.223	62.234
172	42.190	72.482
173	44.985	70.335
174	17.897	73.533
175	41.369	56.644
176	30.164	55.574
177	31.028	76.969
178	31.048	80.712
179	24.871	50.601
180	23.262	69.350
181	54.913	45.156
182	49.362	41.468
183	51.760	66.937
184	57.172	63.198
185	57.734	54.998
186	58.443	58.086
187	61.530	41.882
188	73.360	50.952
189	65.742	52.790
190	64.931	67.459
191	39.633	82.681
192	18.179	73.578
193	29.124	65.289
194	10.814	85.834
195	16.591	90.597
196	28.735	69.444
197	41.973	81.928
198	13.173	71.759
199	30.167	65.974
200	17.134	84.973
201	73.262	19.670
202	72.234	47.311
203	55.727	34.899
204	57.614	35.069
205	64.577	31.745
206	63.729	29.164
207	67.966	16.660
208	61.780	31.225
209	72.465	21.161
210	46.858	23.049
211	30.396	71.155
212	35.089	74.127
213	35.270	72.628
214	28.250	60.523
215	29.452	56.412
216	50.572	56.437
217	38.299	59.474
218	34.877	67.656
219	37.974	70.534
220	46.454	63.315
221	24.366	41.093
222	15.535	67.402
223	29.462	63.076
224	37.472	62.905
225	24.827	51.402
226	23.271	59.363
227	11.397	51.437
228	25.903	60.241
229	33.810	61.433
230	28.111	78.760
231	34.958	46.273
232	46.333	49.617
233	35.755	44.029
234	58.828	31.956
235	44.193	34.019
236	45.080	45.325
237	38.268	48.130
238	34.521	47.060
239	30.659	33.221
240	53.076	51.763
241	75.025	49.390
242	71.237	55.887
243	69.348	60.585
244	61.193	73.506
245	66.381	66.742
246	74.291	58.386
247	60.392	60.919
248	72.330	54.500
249	69.997	74.170
250	71.926	59.329
251	21.136	54.973
252	14.655	56.825
253	19.381	48.491
254	27.686	56.110
255	22.287	54.880
256	35.815	60.728
257	27.288	63.690
258	22.510	54.249
259	12.636	40.178
260	21.863	47.955
261	63.536	34.440
262	71.928	32.365
263	85.787	42.619
264	54.842	41.342
265	74.557	24.709
266	79.845	23.383
267	83.725	47.394
268	75.374	26.317
269	72.055	33.843
270	80.424	23.450
271	15.510	41.724
272	28.239	49.368
273	12.705	53.078
274	35.209	45.564
275	29.583	54.309
276	31.007	53.447
277	31.661	47.962
278	30.644	46.426
279	26.028	48.607
280	40.530	57.944
281	32.549	74.535
282	32.165	88.557
283	32.944	71.550
284	48.284	79.190
285	39.292	74.417
286	44.662	82.532
287	29.589	72.085
288	33.920	73.117
289	14.781	77.147
290	39.675	75.810
291	29.274	28.964
292	21.198	37.978
293	37.123	26.023
294	30.177	28.374
295	29.452	29.688
296	30.078	39.924
297	23.206	10.461
298	11.225	35.156
299	31.754	27.070
300	22.545	45.877
301	46.922	69.570
302	32.874	74.778
303	34.544	57.084
304	53.786	46.754
305	38.537	41.953
306	49.125	45.937
307	45.771	61.413
308	53.255	65.334
309	28.991	57.363
310	63.395	55.200
311	 9.838	18.686
312	14.147	20.857
313	28.120	35.232
314	10.664	26.168
315	26.408	28.959
316	27.138	41.932
317	24.513	 6.561
318	10.716	28.156
319	30.602	11.900
320	31.403	30.579
321	34.834	30.481
322	35.625	54.574
323	36.972	30.623
324	36.824	44.624
325	34.315	37.303
326	31.163	24.608
327	32.720	29.648
328	16.315	24.510
329	27.503	37.975
330	28.220	30.331
331	54.176	37.477
332	39.328	35.071
333	34.664	30.531
334	40.599	33.901
335	40.307	48.320
336	60.942	38.853
337	52.269	24.440
338	48.337	31.763
339	55.562	30.611
340	42.058	15.510
341	53.010	67.175
342	42.018	54.462
343	60.720	67.946
344	66.789	76.847
345	56.145	68.040
346	51.211	66.207
347	34.379	74.155
348	37.375	76.098
349	41.900	77.892
350	43.999	78.925
351	45.371	41.364
352	40.571	43.409
353	50.366	40.099
354	48.427	32.047
355	42.836	44.181
356	27.186	39.930
357	40.878	33.786
358	56.030	40.502
359	43.214	41.027
360	59.093	33.724
361	31.713	45.270
362	28.211	42.573
363	21.838	44.407
364	33.325	30.338
365	20.108	46.400
366	45.672	49.074
367	27.479	42.710
368	26.670	62.095
369	33.617	39.067
370	45.074	39.282
371	27.022	55.321
372	30.260	62.702
373	27.647	49.407
374	22.071	61.079
375	27.788	72.598
376	27.780	68.616
377	37.211	79.487
378	30.606	60.911
379	29.948	68.068
380	28.996	75.040
381	12.888	73.271
382	27.539	66.521
383	24.227	90.850
384	19.506	71.147
385	11.195	75.278
386	28.932	64.612
387	14.577	86.624
388	17.468	73.549
389	12.240	71.034
390	24.434	66.575
391	76.566	49.032
392	67.764	59.749
393	95.098	57.102
394	81.352	42.558
395	77.683	49.075
396	88.435	51.140
397	85.205	49.128
398	74.386	48.830
399	89.925	62.815
400	61.299	38.112
401	15.963	66.616
402	27.772	66.942
403	17.275	65.503
404	28.045	71.203
405	31.753	78.365
406	37.680	73.586
407	26.208	71.726
408	40.507	73.501
409	17.370	77.831
410	32.870	83.355
411	83.798	50.127
412	78.250	47.702
413	74.575	35.249
414	70.533	48.984
415	74.240	64.669
416	72.782	58.103
417	67.853	50.819
418	70.516	61.600
419	72.713	51.527
420	71.447	62.640
421	53.025	34.052
422	70.406	53.574
423	52.787	48.412
424	67.761	39.630
425	67.645	37.744
426	69.227	28.377
427	70.043	31.395
428	68.732	38.335
429	58.594	34.424
430	85.191	36.518
431	38.849	26.648
432	38.829	 9.688
433	41.074	24.652
434	38.996	14.177
435	37.397	22.264
436	60.005	26.606
437	51.022	14.876
438	39.410	12.108
439	48.862	18.732
440	48.293	20.613
441	35.859	16.086
442	38.821	25.550
443	37.766	33.031
444	36.278	23.153
445	39.529	39.977
446	21.142	33.915
447	31.364	40.330
448	36.632	25.177
449	33.225	32.928
450	33.910	30.212
451	21.017	66.390
452	13.729	74.904
453	 3.163	75.663
454	23.278	63.824
455	27.567	63.033
456	 3.143	65.185
457	18.841	86.999
458	39.374	68.873
459	10.676	76.078
460	16.254	79.326
461	61.950	47.510
462	71.508	36.101
463	59.811	43.463
464	66.074	41.135
465	58.791	40.314
466	54.127	41.143
467	56.678	45.148
468	58.380	40.545
469	60.456	44.665
470	57.941	40.822
471	61.149	33.697
472	72.983	51.478
473	75.160	52.322
474	70.876	31.925
475	66.528	58.675
476	83.663	60.616
477	74.142	46.052
478	75.872	50.315
479	85.943	41.639
480	68.079	47.116
481	37.607	77.521
482	38.378	73.645
483	55.100	73.249
484	36.458	72.977
485	48.824	89.730
486	38.424	77.198
487	31.525	72.644
488	23.802	77.225
489	52.032	68.035
490	38.056	75.126
491	40.288	69.271
492	58.459	75.531
493	55.094	65.001
494	53.510	68.594
495	51.972	63.422
496	45.682	64.455
497	56.907	67.064
498	50.042	72.663
499	62.822	69.202
500	65.388	68.218
501	50.991	57.207
502	56.758	82.375
503	75.479	70.135
504	62.104	70.576
505	67.174	60.607
506	72.709	71.947
507	62.468	76.936
508	63.488	81.102
509	62.523	71.925
510	82.649	66.259
511	42.270	27.363
512	34.026	31.780
513	23.397	18.352
514	26.497	26.938
515	27.486	27.998
516	27.628	38.491
517	31.463	 8.978
518	15.898	36.851
519	35.013	36.189
520	40.241	33.816
521	80.750	15.035
522	77.331	 9.731
523	75.111	22.749
524	69.962	11.136
525	81.483	28.497
526	73.053	22.108
527	75.780	27.579
528	58.152	14.780
529	76.761	10.175
530	64.967	17.057
531	54.459	60.950
532	43.434	63.685
533	37.119	69.413
534	23.844	69.064
535	46.004	69.774
536	28.442	45.601
537	32.451	77.449
538	36.357	50.909
539	32.373	73.310
540	29.894	58.940
541	28.535	47.073
542	42.004	32.675
543	32.171	40.481
544	32.550	34.809
545	38.771	19.946
546	35.177	47.153
547	39.699	32.149
548	18.786	42.768
549	37.353	35.367
550	31.520	31.396
551	54.092	44.223
552	65.375	64.941
553	72.485	57.488
554	56.333	57.350
555	52.685	43.256
556	83.514	45.243
557	73.647	45.896
558	73.772	40.722
559	72.183	47.051
560	80.587	59.454
561	63.491	47.511
562	58.689	57.558
563	71.026	66.002
564	53.152	65.208
565	61.669	50.901
566	57.316	54.991
567	57.869	49.150
568	57.511	46.685
569	62.094	57.903
570	48.533	40.086
571	78.399	21.980
572	71.815	22.657
573	63.432	17.939
574	71.684	22.590
575	68.294	23.903
576	68.141	40.243
577	82.295	20.720
578	74.312	36.825
579	83.189	12.339
580	70.517	23.620
581	59.033	31.135
582	43.239	45.325
583	56.928	40.078
584	56.267	27.145
585	66.140	52.593
586	46.218	21.053
587	54.797	23.312
588	52.061	36.728
589	49.963	49.887
590	56.901	44.968
591	49.678	51.690
592	29.788	48.535
593	33.283	44.687
594	43.400	52.051
595	28.471	49.867
596	42.126	58.329
597	35.103	66.691
598	44.623	64.463
599	45.665	51.169
600	44.156	47.591
601	48.825	78.040
602	54.192	63.456
603	41.224	92.993
604	46.846	75.419
605	31.793	67.950
606	51.554	85.127
607	35.847	65.889
608	51.729	88.204
609	36.421	78.054
610	34.043	74.818
611	88.378	40.739
612	77.817	41.911
613	79.542	42.440
614	91.845	54.575
615	77.036	41.748
616	88.164	45.446
617	70.336	43.390
618	72.625	35.578
619	86.444	44.097
620	82.294	46.791
621	79.801	76.663
622	69.313	65.144
623	71.462	58.869
624	52.035	87.535
625	65.946	75.343
626	82.938	64.897
627	66.244	69.932
628	50.860	86.056
629	68.023	72.836
630	66.320	61.620
631	25.038	27.993
632	17.768	35.400
633	42.126	24.653
634	12.317	23.066
635	 6.204	34.032
636	25.524	22.447
637	16.123	28.407
638	30.730	23.988
639	29.321	26.355
640	20.958	29.592
641	35.249	48.992
642	12.393	37.671
643	32.231	44.038
644	15.556	36.595
645	35.084	33.399
646	34.161	34.966
647	23.721	27.399
648	27.045	17.080
649	30.567	36.497
650	37.483	37.007
651	21.144	53.982
652	36.732	44.568
653	 9.666	64.134
654	17.579	43.122
655	32.900	44.529
656	26.259	57.530
657	21.722	50.163
658	20.698	35.264
659	34.046	35.517
660	18.598	37.120
661	53.082	50.674
662	60.094	36.292
663	70.252	26.552
664	62.404	40.071
665	53.620	47.555
666	58.359	40.470
667	57.531	37.428
668	63.354	52.969
669	64.120	50.580
670	58.471	37.094
671	75.023	68.922
672	68.949	86.097
673	67.861	68.421
674	79.197	74.452
675	70.756	78.321
676	79.353	74.800
677	79.829	62.116
678	79.937	76.597
679	94.593	70.983
680	77.481	73.179
681	46.972	51.587
682	35.370	50.174
683	37.949	50.328
684	37.266	50.445
685	29.306	48.867
686	22.927	56.303
687	43.109	69.941
688	52.892	55.570
689	34.203	67.162
690	55.217	48.244
691	56.440	55.284
692	74.099	54.577
693	67.291	47.975
694	56.422	57.919
695	51.585	67.953
696	47.913	59.066
697	40.538	48.197
698	40.842	52.269
699	44.248	43.817
700	68.090	52.150
701	20.554	84.665
702	13.419	63.802
703	12.299	60.336
704	17.647	88.771
705	31.195	73.419
706	26.931	68.101
707	22.303	73.124
708	16.391	79.625
709	14.199	86.612
710	31.783	53.680
711	44.142	92.356
712	72.174	85.543
713	51.769	77.037
714	43.804	75.885
715	57.118	77.197
716	67.548	63.513
717	67.181	70.721
718	60.296	75.014
719	62.284	84.377
720	68.679	88.645
721	60.012	76.758
722	59.177	94.216
723	72.268	87.100
724	45.953	73.986
725	56.936	77.098
726	48.428	80.162
727	59.371	88.894
728	61.558	64.587
729	77.794	74.420
730	71.244	79.826
731	64.071	45.610
732	72.069	39.676
733	58.102	34.122
734	54.218	33.273
735	80.604	28.291
736	70.357	22.241
737	65.482	43.470
738	81.617	30.935
739	77.008	41.364
740	56.748	20.393
741	44.100	18.504
742	41.769	 7.970
743	52.688	33.448
744	65.951	38.395
745	47.732	33.893
746	68.523	34.699
747	53.225	23.476
748	54.482	28.962
749	66.252	11.230
750	48.753	17.267
751	49.833	55.499
752	61.565	56.901
753	63.789	46.089
754	61.994	47.834
755	60.313	56.989
756	70.090	66.633
757	71.298	62.565
758	77.904	71.451
759	62.925	64.037
760	75.499	75.349
761	92.150	60.108
762	64.844	64.538
763	76.692	68.031
764	77.168	48.622
765	92.171	61.074
766	86.703	74.225
767	76.378	59.300
768	71.482	76.474
769	89.906	69.262
770	59.748	57.948
771	31.647	73.492
772	42.440	72.440
773	37.407	62.864
774	35.051	65.651
775	35.940	56.412
776	36.285	52.539
777	45.738	56.006
778	36.523	61.214
779	33.679	73.057
780	23.492	61.359
781	30.514	49.605
782	34.049	63.453
783	32.275	67.366
784	32.551	73.867
785	36.660	59.320
786	16.637	61.829
787	44.063	77.768
788	29.728	69.839
789	48.431	76.394
790	33.090	67.687
791	41.444	70.403
792	43.717	72.316
793	45.058	65.778
794	40.598	51.842
795	50.965	72.609
796	52.302	57.386
797	48.080	64.525
798	46.270	63.302
799	44.905	59.939
800	38.515	51.924
