59
7
77
74
31
78
1
50
65
32
64
30
43
63
73
75 40 51 35
48 39
16 56
37

1 59
2 59
3 59
4 59
5 59
6 59
7 59
8 59
9 59
10 59
11 59
12 59
13 59
14 59
15 59
16 59
17 59
18 59
19 59
20 59
21 59
22 59
23 59
24 59
25 59
26 59
27 59
28 59
29 59
30 59
31 59
32 59
33 59
34 59
35 59
36 59
37 59
38 59
39 59
40 59
41 59
42 59
43 59
44 59
45 59
46 59
47 59
48 59
49 59
50 59
51 7
52 7
53 7
54 7
55 7
56 7
57 7
58 7
59 7
60 7
61 7
62 7
63 7
64 7
65 7
66 7
67 7
68 7
69 7
70 7
71 7
72 7
73 7
74 7
75 7
76 7
77 7
78 7
79 7
80 7
81 7
82 7
83 7
84 7
85 7
86 31
87 7
88 7
89 7
90 7
91 7
92 7
93 7
94 7
95 7
96 7
97 7
98 7
99 7
100 31
101 7
102 7
103 77
104 77
105 77
106 77
107 77
108 77
109 43
110 77
111 77
112 78
113 77
114 77
115 77
116 77
117 77
118 77
119 77
120 77
121 74
122 77
123 77
124 77
125 77
126 77
127 77
128 77
129 77
130 77
131 77
132 77
133 77
134 77
135 74
136 77
137 77
138 77
139 77
140 77
141 74
142 77
143 77
144 77
145 77
146 77
147 77
148 77
149 77
150 77
151 77
152 77
153 77
154 77
155 77
156 77
157 77
158 74
159 74
160 74
161 74
162 74
163 74
164 74
165 74
166 74
167 31
168 74
169 74
170 74
171 74
172 74
173 74
174 74
175 74
176 74
177 74
178 74
179 74
180 74
181 74
182 74
183 78
184 74
185 74
186 74
187 78
188 74
189 74
190 74
191 43
192 74
193 1
194 74
195 74
196 74
197 1
198 74
199 74
200 74
201 74
202 74
203 74
204 74
205 74
206 74
207 74
208 74
209 74
210 74
211 78
212 31
213 31
214 31
215 31
216 31
217 31
218 78
219 31
220 31
221 31
222 37
223 31
224 31
225 31
226 31
227 31
228 78
229 78
230 31
231 31
232 31
233 75
234 31
235 31
236 31
237 31
238 31
239 31
240 78
241 31
242 31
243 31
244 31
245 31
246 31
247 31
248 31
249 31
250 78
251 31
252 31
253 31
254 31
255 31
256 31
257 31
258 31
259 31
260 31
261 16
262 31
263 78
264 31
265 31
266 31
267 78
268 31
269 78
270 78
271 78
272 78
273 78
274 78
275 78
276 78
277 78
278 78
279 78
280 78
281 78
282 78
283 78
284 78
285 78
286 78
287 78
288 78
289 1
290 78
291 78
292 78
293 78
294 78
295 78
296 78
297 78
298 78
299 78
300 78
301 78
302 78
303 78
304 78
305 78
306 78
307 78
308 78
309 1
310 1
311 1
312 1
313 1
314 1
315 1
316 1
317 1
318 1
319 1
320 1
321 1
322 1
323 1
324 1
325 1
326 1
327 1
328 1
329 1
330 1
331 1
332 1
333 75
334 1
335 1
336 1
337 1
338 1
339 1
340 1
341 1
342 1
343 1
344 75
345 1
346 1
347 1
348 1
349 1
350 1
351 1
352 1
353 1
354 1
355 1
356 1
357 1
358 50
359 50
360 50
361 50
362 50
363 50
364 50
365 50
366 50
367 37
368 50
369 50
370 50
371 50
372 50
373 50
374 50
375 50
376 50
377 50
378 50
379 50
380 50
381 50
382 50
383 50
384 50
385 50
386 50
387 50
388 65
389 50
390 50
391 65
392 50
393 50
394 50
395 50
396 50
397 50
398 65
399 50
400 50
401 50
402 50
403 50
404 50
405 50
406 50
407 65
408 65
409 50
410 50
411 50
412 50
413 50
414 73
415 65
416 65
417 73
418 65
419 65
420 65
421 65
422 65
423 65
424 65
425 65
426 65
427 65
428 73
429 65
430 65
431 65
432 65
433 65
434 65
435 65
436 65
437 65
438 65
439 65
440 65
441 65
442 65
443 65
444 65
445 65
446 65
447 65
448 65
449 65
450 65
451 65
452 65
453 65
454 65
455 65
456 65
457 65
458 65
459 65
460 65
461 65
462 73
463 73
464 73
465 73
466 73
467 73
468 73
469 73
470 73
471 73
472 73
473 73
474 73
475 73
476 73
477 35
478 75
479 75
480 75
481 75
482 75
483 75
484 75
485 48
486 75
487 75
488 75
489 75
490 75
491 75
492 75
493 75
494 75
495 75
496 75
497 75
498 75
499 75
500 75
501 75
502 75
503 75
504 75
505 75
506 75
507 75
508 75
509 75
510 75
511 75
512 32
513 32
514 32
515 32
516 32
517 32
518 32
519 32
520 32
521 32
522 32
523 32
524 32
525 32
526 32
527 32
528 32
529 32
530 32
531 32
532 32
533 32
534 32
535 32
536 64
537 32
538 32
539 32
540 32
541 32
542 32
543 32
544 32
545 30
546 30
547 32
548 32
549 32
550 32
551 32
552 32
553 64
554 32
555 16
556 32
557 32
558 32
559 32
560 32
561 32
562 32
563 32
564 32
565 32
566 32
567 64
568 64
569 64
570 64
571 64
572 64
573 64
574 64
575 64
576 64
577 64
578 64
579 64
580 64
581 64
582 64
583 64
584 64
585 64
586 64
587 64
588 64
589 64
590 64
591 30
592 64
593 64
594 64
595 64
596 64
597 64
598 64
599 64
600 64
601 64
602 64
603 64
604 64
605 64
606 64
607 64
608 64
609 64
610 30
611 64
612 64
613 64
614 64
615 64
616 64
617 30
618 30
619 30
620 30
621 30
622 30
623 30
624 30
625 30
626 30
627 30
628 30
629 30
630 30
631 30
632 30
633 30
634 30
635 43
636 30
637 30
638 30
639 30
640 30
641 30
642 30
643 30
644 30
645 30
646 30
647 30
648 30
649 30
650 63
651 30
652 30
653 30
654 30
655 30
656 30
657 30
658 30
659 30
660 30
661 30
662 30
663 43
664 30
665 30
666 43
667 43
668 43
669 43
670 43
671 43
672 43
673 43
674 75
675 43
676 43
677 43
678 43
679 43
680 43
681 43
682 43
683 43
684 43
685 43
686 43
687 43
688 43
689 43
690 43
691 43
692 43
693 43
694 43
695 63
696 43
697 43
698 43
699 43
700 43
701 37
702 43
703 43
704 43
705 43
706 37
707 43
708 37
709 43
710 43
711 43
712 43
713 43
714 43
715 43
716 43
717 63
718 63
719 63
720 63
721 63
722 63
723 63
724 63
725 63
726 63
727 63
728 63
729 63
730 63
731 63
732 63
733 63
734 63
735 63
736 63
737 63
738 63
739 63
740 63
741 63
742 63
743 63
744 63
745 63
746 75
747 63
748 63
749 63
750 63
751 63
752 63
753 63
754 63
755 63
756 63
757 63
758 63
759 63
760 63
761 63
762 63
763 63
764 63
765 63
766 73
767 75
768 73
769 73
770 73
771 73
772 73
773 73
774 73
775 73
776 73
777 73
778 73
779 73
780 73
781 73
782 73
783 73
784 73
785 73
786 73
787 73
788 73
789 73
790 73
791 73
792 73
793 73
794 35
795 73
796 73
797 75
798 73
799 73
800 73
