36
76 62 42
12
41
2 4 34 54
8 72 40
46
78
28 25 58 75 56 67
51 52
19 74 48
16 50 64 80
6 29 17
20 15 23 66
5 13 37 77
3 55 71 57
7 27 31 33 22 63
10 14 68
44 73 59 39
18 60 38 26 45
1 9 65 43 32 69
61 70 47 79
53

1 36
2 36
3 36
4 1
5 36
6 36
7 36
8 36
9 36
10 46
11 12
12 12
13 12
14 12
15 12
16 2
17 2
18 12
19 12
20 12
21 3
22 3
23 3
24 3
25 3
26 3
27 3
28 3
29 3
30 3
31 12
32 12
33 12
34 12
35 12
36 12
37 12
38 12
39 12
40 12
41 17
42 17
43 5
44 17
45 17
46 17
47 5
48 5
49 5
50 17
51 12
52 6
53 6
54 6
55 6
56 12
57 12
58 6
59 12
60 12
61 41
62 41
63 7
64 7
65 41
66 41
67 7
68 41
69 41
70 41
71 8
72 8
73 8
74 8
75 8
76 8
77 8
78 8
79 8
80 8
81 48
82 76
83 76
84 62
85 55
86 62
87 62
88 76
89 9
90 76
91 78
92 10
93 78
94 27
95 27
96 10
97 78
98 16
99 10
100 78
101 39
102 45
103 45
104 5
105 5
106 77
107 26
108 5
109 77
110 5
111 12
112 2
113 2
114 2
115 2
116 2
117 2
118 2
119 4
120 2
121 5
122 17
123 13
124 17
125 54
126 5
127 54
128 5
129 13
130 17
131 10
132 10
133 10
134 14
135 14
136 10
137 10
138 10
139 10
140 10
141 80
142 80
143 80
144 20
145 20
146 80
147 80
148 80
149 80
150 20
151 78
152 41
153 51
154 78
155 78
156 51
157 78
158 41
159 78
160 78
161 17
162 17
163 17
164 12
165 17
166 17
167 17
168 17
169 17
170 54
171 54
172 12
173 12
174 17
175 18
176 12
177 17
178 77
179 18
180 37
181 19
182 19
183 51
184 19
185 8
186 19
187 19
188 19
189 19
190 19
191 20
192 20
193 20
194 80
195 20
196 80
197 80
198 20
199 20
200 20
201 59
202 52
203 8
204 72
205 53
206 53
207 19
208 72
209 72
210 72
211 22
212 22
213 7
214 22
215 7
216 22
217 22
218 7
219 7
220 22
221 64
222 80
223 41
224 80
225 41
226 41
227 80
228 41
229 80
230 41
231 17
232 37
233 5
234 54
235 77
236 17
237 17
238 17
239 17
240 17
241 28
242 8
243 28
244 8
245 28
246 28
247 28
248 8
249 25
250 28
251 72
252 38
253 73
254 73
255 39
256 77
257 26
258 72
259 73
260 37
261 7
262 78
263 78
264 27
265 78
266 78
267 78
268 7
269 41
270 78
271 28
272 28
273 8
274 28
275 28
276 8
277 8
278 8
279 28
280 28
281 29
282 29
283 6
284 29
285 29
286 6
287 6
288 54
289 54
290 29
291 10
292 10
293 68
294 14
295 14
296 14
297 10
298 14
299 14
300 14
301 41
302 41
303 41
304 66
305 41
306 41
307 41
308 41
309 66
310 41
311 51
312 51
313 32
314 51
315 51
316 51
317 51
318 51
319 51
320 51
321 41
322 7
323 7
324 7
325 33
326 33
327 41
328 41
329 33
330 41
331 12
332 12
333 12
334 12
335 12
336 12
337 12
338 12
339 12
340 12
341 45
342 5
343 5
344 26
345 5
346 45
347 5
348 45
349 5
350 5
351 36
352 36
353 36
354 36
355 36
356 36
357 36
358 36
359 36
360 36
361 34
362 54
363 17
364 17
365 17
366 17
367 5
368 13
369 5
370 37
371 37
372 17
373 17
374 37
375 60
376 18
377 18
378 5
379 37
380 37
381 38
382 73
383 38
384 44
385 77
386 39
387 77
388 73
389 73
390 72
391 40
392 72
393 8
394 72
395 40
396 8
397 73
398 59
399 72
400 69
401 41
402 41
403 41
404 41
405 41
406 41
407 41
408 41
409 41
410 41
411 76
412 74
413 76
414 62
415 74
416 76
417 62
418 76
419 62
420 76
421 65
422 78
423 51
424 51
425 51
426 78
427 51
428 51
429 51
430 51
431 44
432 44
433 44
434 20
435 44
436 44
437 44
438 20
439 44
440 20
441 45
442 45
443 60
444 60
445 45
446 44
447 26
448 45
449 39
450 77
451 46
452 46
453 46
454 46
455 46
456 46
457 46
458 46
459 46
460 46
461 61
462 61
463 45
464 61
465 61
466 61
467 61
468 61
469 61
470 61
471 48
472 42
473 74
474 48
475 74
476 62
477 76
478 48
479 62
480 42
481 18
482 12
483 18
484 12
485 28
486 28
487 28
488 12
489 18
490 12
491 41
492 41
493 78
494 50
495 50
496 50
497 78
498 78
499 50
500 78
501 51
502 51
503 51
504 51
505 51
506 51
507 78
508 51
509 51
510 51
511 51
512 52
513 51
514 52
515 51
516 51
517 51
518 51
519 52
520 52
521 53
522 40
523 40
524 53
525 53
526 53
527 59
528 59
529 53
530 59
531 54
532 34
533 54
534 54
535 12
536 12
537 54
538 12
539 12
540 54
541 3
542 3
543 3
544 55
545 55
546 55
547 55
548 3
549 62
550 3
551 75
552 25
553 46
554 75
555 46
556 75
557 2
558 56
559 75
560 56
561 62
562 36
563 36
564 36
565 36
566 36
567 36
568 36
569 36
570 36
571 25
572 8
573 25
574 76
575 8
576 25
577 8
578 25
579 25
580 28
581 44
582 44
583 73
584 73
585 73
586 44
587 73
588 73
589 73
590 44
591 17
592 18
593 17
594 17
595 37
596 60
597 37
598 17
599 17
600 18
601 61
602 44
603 44
604 45
605 45
606 61
607 61
608 44
609 61
610 45
611 76
612 76
613 76
614 76
615 76
616 76
617 76
618 76
619 76
620 62
621 63
622 63
623 22
624 22
625 22
626 22
627 22
628 22
629 63
630 7
631 50
632 64
633 64
634 50
635 78
636 51
637 50
638 50
639 51
640 41
641 65
642 52
643 51
644 48
645 19
646 19
647 14
648 52
649 65
650 51
651 41
652 41
653 23
654 41
655 41
656 41
657 41
658 23
659 41
660 41
661 75
662 12
663 75
664 2
665 67
666 2
667 56
668 75
669 2
670 12
671 10
672 10
673 10
674 10
675 14
676 10
677 68
678 68
679 10
680 10
681 19
682 52
683 8
684 8
685 51
686 32
687 51
688 19
689 69
690 51
691 61
692 61
693 70
694 61
695 61
696 70
697 44
698 70
699 61
700 44
701 55
702 36
703 36
704 55
705 36
706 36
707 62
708 62
709 55
710 36
711 72
712 72
713 8
714 8
715 8
716 72
717 8
718 72
719 72
720 72
721 73
722 44
723 73
724 44
725 44
726 44
727 73
728 44
729 44
730 73
731 76
732 19
733 19
734 19
735 42
736 52
737 76
738 76
739 42
740 74
741 12
742 25
743 12
744 25
745 2
746 75
747 28
748 75
749 75
750 25
751 76
752 76
753 76
754 76
755 76
756 76
757 76
758 76
759 76
760 76
761 13
762 37
763 37
764 37
765 37
766 5
767 60
768 54
769 17
770 37
771 78
772 78
773 78
774 78
775 78
776 78
777 78
778 78
779 41
780 41
781 70
782 45
783 45
784 45
785 45
786 79
787 5
788 61
789 70
790 45
791 80
792 64
793 64
794 80
795 80
796 80
797 64
798 80
799 64
800 64
