22
52
7
60
18
57
62
36
19
25
70
11
27
9
13
26
61
73
78
56
44
29
77
40
21 41 24 68
15 14 76
1
2 66 35 55 34
5 31 46 63 72 58 32 30
43 65
28 75 69 74
54
79 67
64 47
37 38
51 49 80
33
10 16 39 71 53
48
59
8
4 3 50
17

1 22
2 52
3 52
4 25
5 25
6 19
7 62
8 27
9 60
10 27
11 52
12 73
13 52
14 52
15 52
16 52
17 52
18 52
19 52
20 52
21 25
22 25
23 25
24 25
25 25
26 25
27 28
28 62
29 62
30 25
31 25
32 62
33 62
34 62
35 25
36 62
37 25
38 62
39 25
40 62
41 22
42 36
43 60
44 36
45 36
46 60
47 22
48 22
49 60
50 36
51 60
52 27
53 25
54 60
55 25
56 60
57 60
58 60
59 60
60 25
61 22
62 22
63 7
64 7
65 22
66 22
67 22
68 22
69 22
70 7
71 25
72 25
73 44
74 25
75 62
76 44
77 25
78 44
79 44
80 8
81 22
82 60
83 7
84 18
85 60
86 60
87 18
88 18
89 60
90 7
91 57
92 47
93 80
94 7
95 7
96 7
97 7
98 64
99 7
100 64
101 7
102 7
103 7
104 7
105 18
106 7
107 7
108 7
109 18
110 7
111 27
112 27
113 27
114 13
115 27
116 13
117 27
118 34
119 19
120 13
121 13
122 19
123 13
124 13
125 13
126 13
127 13
128 13
129 19
130 13
131 18
132 18
133 18
134 19
135 18
136 19
137 19
138 19
139 18
140 18
141 18
142 18
143 19
144 19
145 19
146 19
147 19
148 19
149 19
150 19
151 57
152 57
153 57
154 64
155 57
156 57
157 57
158 64
159 57
160 57
161 56
162 56
163 56
164 56
165 56
166 56
167 56
168 56
169 56
170 56
171 57
172 57
173 57
174 57
175 70
176 57
177 70
178 70
179 11
180 70
181 70
182 70
183 70
184 70
185 70
186 70
187 70
188 70
189 70
190 70
191 1
192 13
193 1
194 1
195 34
196 1
197 13
198 1
199 44
200 13
201 11
202 61
203 13
204 11
205 26
206 11
207 13
208 13
209 26
210 11
211 11
212 11
213 11
214 26
215 11
216 11
217 11
218 11
219 9
220 9
221 26
222 61
223 9
224 9
225 9
226 77
227 9
228 15
229 9
230 9
231 9
232 9
233 26
234 26
235 9
236 26
237 26
238 26
239 26
240 9
241 28
242 28
243 9
244 9
245 28
246 28
247 14
248 28
249 43
250 15
251 26
252 61
253 61
254 61
255 5
256 61
257 29
258 29
259 61
260 61
261 1
262 1
263 1
264 55
265 34
266 1
267 34
268 61
269 61
270 73
271 44
272 1
273 56
274 28
275 1
276 1
277 44
278 1
279 28
280 56
281 29
282 78
283 29
284 29
285 78
286 78
287 29
288 29
289 29
290 78
291 29
292 29
293 29
294 29
295 78
296 29
297 78
298 29
299 29
300 29
301 29
302 29
303 29
304 29
305 68
306 29
307 77
308 15
309 21
310 5
311 32
312 58
313 24
314 58
315 58
316 32
317 58
318 58
319 5
320 5
321 30
322 30
323 30
324 30
325 14
326 30
327 15
328 15
329 5
330 15
331 73
332 73
333 55
334 73
335 55
336 73
337 77
338 77
339 35
340 77
341 77
342 77
343 77
344 77
345 77
346 77
347 77
348 77
349 77
350 21
351 24
352 21
353 5
354 24
355 21
356 24
357 5
358 21
359 31
360 24
361 64
362 15
363 15
364 64
365 65
366 65
367 43
368 43
369 43
370 67
371 43
372 43
373 43
374 64
375 43
376 65
377 40
378 38
379 43
380 65
381 43
382 78
383 43
384 56
385 56
386 78
387 78
388 43
389 43
390 65
391 56
392 56
393 56
394 56
395 56
396 56
397 56
398 56
399 56
400 56
401 78
402 78
403 78
404 73
405 73
406 73
407 73
408 78
409 78
410 73
411 73
412 78
413 73
414 73
415 73
416 73
417 73
418 15
419 73
420 73
421 40
422 78
423 44
424 43
425 40
426 29
427 76
428 40
429 40
430 14
431 44
432 44
433 44
434 44
435 44
436 44
437 44
438 44
439 44
440 44
441 21
442 21
443 77
444 21
445 73
446 15
447 15
448 73
449 73
450 73
451 77
452 21
453 77
454 21
455 68
456 68
457 21
458 24
459 21
460 21
461 40
462 30
463 76
464 43
465 30
466 64
467 76
468 30
469 47
470 76
471 15
472 28
473 34
474 1
475 1
476 28
477 40
478 15
479 1
480 28
481 64
482 64
483 67
484 47
485 67
486 67
487 64
488 64
489 76
490 64
491 28
492 28
493 28
494 28
495 28
496 28
497 28
498 75
499 28
500 8
501 15
502 64
503 64
504 64
505 76
506 43
507 67
508 51
509 43
510 51
511 73
512 52
513 52
514 22
515 22
516 52
517 52
518 52
519 22
520 52
521 62
522 18
523 22
524 62
525 62
526 25
527 62
528 62
529 62
530 57
531 27
532 52
533 52
534 60
535 27
536 60
537 27
538 52
539 52
540 52
541 52
542 13
543 27
544 27
545 27
546 13
547 52
548 27
549 60
550 52
551 25
552 62
553 25
554 25
555 62
556 62
557 62
558 62
559 25
560 62
561 22
562 22
563 22
564 22
565 22
566 18
567 22
568 18
569 18
570 22
571 58
572 58
573 36
574 36
575 36
576 36
577 36
578 60
579 22
580 36
581 27
582 27
583 60
584 27
585 27
586 27
587 27
588 27
589 27
590 27
591 22
592 60
593 60
594 60
595 60
596 60
597 60
598 19
599 36
600 27
601 18
602 36
603 36
604 36
605 19
606 36
607 36
608 36
609 19
610 19
611 57
612 62
613 62
614 17
615 40
616 17
617 62
618 40
619 40
620 40
621 36
622 7
623 36
624 36
625 36
626 36
627 36
628 36
629 36
630 70
631 18
632 7
633 7
634 7
635 7
636 7
637 7
638 64
639 64
640 29
641 18
642 65
643 18
644 56
645 18
646 18
647 18
648 18
649 57
650 57
651 13
652 13
653 19
654 13
655 19
656 19
657 13
658 19
659 19
660 13
661 57
662 57
663 57
664 57
665 11
666 11
667 57
668 57
669 57
670 70
671 26
672 70
673 70
674 70
675 70
676 26
677 26
678 70
679 26
680 70
681 44
682 40
683 44
684 15
685 1
686 44
687 44
688 44
689 44
690 40
691 70
692 11
693 11
694 70
695 70
696 11
697 11
698 13
699 11
700 9
701 44
702 40
703 11
704 11
705 38
706 11
707 40
708 11
709 11
710 9
711 26
712 26
713 26
714 73
715 26
716 11
717 26
718 26
719 26
720 26
721 77
722 77
723 77
724 77
725 77
726 77
727 61
728 77
729 77
730 26
731 40
732 40
733 40
734 28
735 1
736 40
737 40
738 40
739 1
740 1
741 1
742 1
743 40
744 28
745 28
746 9
747 40
748 1
749 1
750 1
751 9
752 9
753 9
754 9
755 9
756 9
757 61
758 76
759 9
760 9
761 61
762 26
763 61
764 61
765 21
766 21
767 21
768 61
769 61
770 61
771 61
772 61
773 61
774 61
775 61
776 61
777 61
778 78
779 78
780 78
781 40
782 78
783 78
784 29
785 78
786 78
787 78
788 29
789 40
790 78
791 64
792 64
793 80
794 80
795 43
796 64
797 49
798 80
799 43
800 64
