78
13
62
29
77
37
72
52
64
35
80
10
71
9
58
56
43
47
73
54
68
76
5
15
36
66
17
45
53
32
7
75
18 25 30 70 39
4 48

1 78
2 78
3 78
4 13
5 78
6 78
7 78
8 13
9 78
10 78
11 78
12 78
13 78
14 78
15 78
16 78
17 78
18 78
19 78
20 78
21 64
22 78
23 78
24 78
25 78
26 78
27 78
28 78
29 13
30 13
31 13
32 13
33 13
34 13
35 13
36 13
37 13
38 13
39 62
40 13
41 13
42 62
43 13
44 13
45 13
46 13
47 13
48 13
49 13
50 13
51 13
52 13
53 62
54 62
55 13
56 62
57 62
58 35
59 62
60 62
61 62
62 62
63 62
64 62
65 62
66 62
67 62
68 37
69 62
70 62
71 62
72 62
73 62
74 62
75 62
76 62
77 62
78 62
79 29
80 29
81 80
82 29
83 77
84 29
85 29
86 29
87 29
88 29
89 29
90 29
91 35
92 29
93 29
94 29
95 29
96 29
97 77
98 29
99 29
100 29
101 29
102 29
103 43
104 29
105 29
106 80
107 29
108 29
109 29
110 77
111 77
112 77
113 77
114 77
115 77
116 77
117 77
118 77
119 77
120 77
121 77
122 77
123 77
124 77
125 77
126 77
127 77
128 77
129 77
130 77
131 77
132 77
133 37
134 71
135 37
136 37
137 37
138 37
139 37
140 72
141 37
142 37
143 37
144 37
145 37
146 37
147 37
148 37
149 37
150 37
151 37
152 37
153 37
154 37
155 37
156 37
157 37
158 37
159 72
160 72
161 72
162 72
163 72
164 72
165 72
166 72
167 72
168 72
169 72
170 72
171 72
172 72
173 72
174 72
175 72
176 72
177 72
178 72
179 72
180 72
181 72
182 72
183 52
184 52
185 52
186 9
187 52
188 52
189 52
190 71
191 35
192 52
193 52
194 52
195 52
196 52
197 52
198 52
199 52
200 52
201 52
202 52
203 52
204 35
205 52
206 52
207 52
208 52
209 52
210 52
211 52
212 64
213 64
214 71
215 64
216 64
217 64
218 64
219 64
220 64
221 64
222 64
223 64
224 64
225 64
226 64
227 64
228 64
229 64
230 64
231 64
232 64
233 64
234 64
235 64
236 64
237 35
238 35
239 35
240 35
241 9
242 35
243 35
244 35
245 35
246 35
247 35
248 35
249 35
250 35
251 35
252 35
253 35
254 35
255 35
256 35
257 35
258 35
259 80
260 80
261 80
262 80
263 80
264 80
265 10
266 80
267 80
268 80
269 80
270 80
271 80
272 80
273 71
274 10
275 80
276 80
277 80
278 80
279 71
280 80
281 80
282 80
283 80
284 80
285 80
286 10
287 10
288 10
289 10
290 10
291 71
292 10
293 10
294 10
295 10
296 10
297 10
298 10
299 10
300 9
301 10
302 10
303 10
304 10
305 10
306 71
307 10
308 10
309 10
310 10
311 10
312 58
313 9
314 71
315 71
316 71
317 71
318 71
319 71
320 71
321 71
322 71
323 71
324 71
325 71
326 58
327 71
328 71
329 71
330 71
331 71
332 71
333 9
334 9
335 9
336 56
337 9
338 9
339 9
340 9
341 9
342 9
343 9
344 58
345 58
346 9
347 9
348 9
349 9
350 9
351 9
352 9
353 9
354 9
355 9
356 9
357 58
358 58
359 58
360 58
361 58
362 58
363 58
364 58
365 58
366 58
367 58
368 58
369 58
370 58
371 58
372 58
373 58
374 58
375 58
376 56
377 58
378 58
379 56
380 56
381 56
382 39
383 56
384 56
385 43
386 56
387 56
388 56
389 56
390 56
391 56
392 56
393 56
394 56
395 56
396 56
397 56
398 56
399 56
400 56
401 56
402 56
403 56
404 43
405 43
406 43
407 43
408 43
409 43
410 43
411 43
412 53
413 53
414 43
415 43
416 43
417 43
418 43
419 43
420 43
421 43
422 43
423 43
424 43
425 43
426 43
427 43
428 43
429 7
430 53
431 32
432 53
433 53
434 53
435 53
436 53
437 53
438 32
439 53
440 53
441 53
442 53
443 53
444 32
445 32
446 32
447 32
448 7
449 32
450 32
451 32
452 32
453 32
454 32
455 32
456 32
457 32
458 32
459 32
460 32
461 32
462 32
463 32
464 32
465 32
466 7
467 7
468 7
469 75
470 7
471 7
472 7
473 7
474 7
475 7
476 7
477 7
478 7
479 7
480 7
481 7
482 7
483 48
484 7
485 7
486 7
487 7
488 7
489 7
490 18
491 75
492 75
493 75
494 75
495 75
496 75
497 75
498 75
499 75
500 75
501 75
502 75
503 75
504 75
505 75
506 75
507 75
508 75
509 75
510 75
511 75
512 47
513 47
514 47
515 47
516 47
517 47
518 47
519 47
520 47
521 47
522 47
523 47
524 47
525 47
526 47
527 47
528 47
529 47
530 73
531 47
532 47
533 47
534 47
535 47
536 47
537 47
538 73
539 73
540 73
541 73
542 73
543 73
544 73
545 73
546 5
547 73
548 73
549 73
550 73
551 73
552 73
553 73
554 73
555 73
556 73
557 73
558 73
559 73
560 73
561 73
562 54
563 73
564 54
565 54
566 54
567 54
568 54
569 54
570 54
571 54
572 54
573 54
574 54
575 54
576 54
577 54
578 54
579 54
580 54
581 54
582 54
583 54
584 54
585 54
586 54
587 54
588 68
589 68
590 76
591 68
592 68
593 5
594 68
595 68
596 68
597 68
598 68
599 68
600 68
601 68
602 68
603 45
604 68
605 68
606 68
607 68
608 68
609 68
610 68
611 76
612 68
613 68
614 68
615 68
616 68
617 76
618 76
619 76
620 76
621 76
622 76
623 76
624 76
625 76
626 76
627 76
628 76
629 76
630 76
631 76
632 5
633 76
634 76
635 76
636 76
637 76
638 76
639 76
640 76
641 5
642 5
643 15
644 5
645 5
646 5
647 15
648 5
649 5
650 5
651 5
652 5
653 5
654 5
655 5
656 5
657 5
658 5
659 5
660 36
661 5
662 5
663 5
664 5
665 5
666 15
667 15
668 15
669 15
670 15
671 15
672 15
673 15
674 15
675 15
676 15
677 15
678 15
679 15
680 15
681 15
682 15
683 15
684 15
685 15
686 15
687 53
688 15
689 15
690 45
691 36
692 36
693 36
694 36
695 36
696 36
697 36
698 36
699 36
700 36
701 36
702 36
703 36
704 36
705 36
706 36
707 36
708 36
709 36
710 36
711 36
712 36
713 36
714 36
715 17
716 66
717 66
718 66
719 66
720 66
721 66
722 66
723 66
724 66
725 66
726 66
727 53
728 17
729 66
730 66
731 66
732 66
733 66
734 66
735 66
736 66
737 66
738 66
739 66
740 17
741 66
742 66
743 66
744 17
745 17
746 17
747 17
748 17
749 17
750 17
751 17
752 17
753 17
754 17
755 17
756 17
757 17
758 17
759 17
760 17
761 17
762 17
763 17
764 17
765 17
766 53
767 45
768 45
769 45
770 45
771 45
772 45
773 45
774 45
775 45
776 45
777 45
778 45
779 53
780 45
781 45
782 45
783 45
784 45
785 45
786 45
787 45
788 45
789 45
790 45
791 53
792 53
793 7
794 32
795 53
796 32
797 53
798 53
799 53
800 53
