34
76
78
15
75
30
18
46
42
11
43
62
66
60
57
80
7
59
73
53
71
24
64
16 10 47 49 51
63
19
23 45
44
12
38 37 65 39
33 29 22 67
17
56 40 25
58 32 36
54
74
41 21 61 68
50

1 76
2 76
3 34
4 75
5 75
6 75
7 75
8 34
9 76
10 34
11 76
12 73
13 34
14 34
15 66
16 34
17 34
18 34
19 78
20 34
21 75
22 75
23 75
24 75
25 44
26 75
27 75
28 75
29 62
30 75
31 75
32 43
33 43
34 62
35 75
36 75
37 75
38 75
39 75
40 75
41 76
42 46
43 76
44 30
45 78
46 76
47 76
48 76
49 78
50 78
51 15
52 59
53 44
54 15
55 25
56 42
57 15
58 42
59 15
60 53
61 30
62 30
63 30
64 30
65 76
66 76
67 76
68 30
69 30
70 18
71 44
72 44
73 44
74 44
75 71
76 50
77 17
78 17
79 17
80 17
81 78
82 78
83 18
84 15
85 78
86 78
87 15
88 18
89 78
90 15
91 43
92 80
93 80
94 30
95 30
96 18
97 18
98 64
99 18
100 64
101 30
102 15
103 15
104 30
105 15
106 15
107 30
108 15
109 15
110 30
111 12
112 12
113 12
114 66
115 66
116 12
117 66
118 54
119 15
120 54
121 66
122 15
123 42
124 42
125 66
126 66
127 42
128 66
129 15
130 42
131 15
132 15
133 18
134 42
135 18
136 42
137 53
138 42
139 18
140 18
141 18
142 18
143 42
144 42
145 42
146 42
147 42
148 42
149 46
150 66
151 11
152 57
153 57
154 80
155 11
156 57
157 11
158 80
159 11
160 62
161 62
162 43
163 44
164 44
165 53
166 44
167 43
168 44
169 53
170 44
171 11
172 11
173 11
174 11
175 11
176 11
177 11
178 11
179 11
180 11
181 11
182 11
183 66
184 43
185 57
186 60
187 66
188 66
189 60
190 66
191 59
192 59
193 59
194 23
195 12
196 12
197 66
198 60
199 44
200 66
201 51
202 66
203 66
204 60
205 60
206 60
207 60
208 60
209 60
210 60
211 57
212 57
213 57
214 60
215 60
216 57
217 57
218 57
219 57
220 57
221 19
222 19
223 19
224 19
225 19
226 23
227 19
228 19
229 19
230 57
231 19
232 19
233 45
234 23
235 19
236 45
237 41
238 45
239 23
240 57
241 17
242 17
243 23
244 71
245 17
246 17
247 71
248 71
249 65
250 23
251 23
252 36
253 58
254 58
255 58
256 24
257 63
258 63
259 24
260 24
261 59
262 59
263 59
264 59
265 59
266 59
267 59
268 59
269 73
270 59
271 44
272 59
273 44
274 74
275 59
276 59
277 44
278 59
279 25
280 53
281 7
282 7
283 7
284 7
285 24
286 7
287 63
288 7
289 7
290 7
291 7
292 51
293 7
294 7
295 7
296 7
297 7
298 7
299 24
300 51
301 19
302 24
303 24
304 24
305 63
306 63
307 19
308 64
309 63
310 63
311 32
312 58
313 63
314 58
315 58
316 32
317 29
318 58
319 63
320 63
321 51
322 64
323 80
324 64
325 71
326 64
327 64
328 19
329 51
330 64
331 73
332 12
333 12
334 12
335 12
336 12
337 12
338 23
339 12
340 23
341 23
342 19
343 19
344 45
345 41
346 12
347 12
348 12
349 19
350 41
351 58
352 58
353 58
354 58
355 58
356 24
357 58
358 24
359 58
360 58
361 64
362 64
363 23
364 64
365 64
366 64
367 71
368 16
369 71
370 16
371 71
372 71
373 71
374 16
375 71
376 16
377 71
378 16
379 16
380 16
381 16
382 7
383 16
384 62
385 62
386 7
387 7
388 62
389 62
390 80
391 62
392 44
393 62
394 62
395 62
396 62
397 62
398 62
399 53
400 62
401 24
402 24
403 24
404 73
405 59
406 73
407 73
408 19
409 24
410 59
411 59
412 24
413 73
414 73
415 59
416 73
417 73
418 59
419 73
420 59
421 53
422 53
423 62
424 62
425 53
426 64
427 80
428 53
429 53
430 71
431 53
432 44
433 44
434 53
435 44
436 53
437 44
438 44
439 44
440 44
441 19
442 63
443 63
444 63
445 73
446 19
447 71
448 73
449 73
450 73
451 63
452 63
453 63
454 63
455 63
456 51
457 63
458 63
459 58
460 58
461 71
462 80
463 64
464 80
465 80
466 80
467 80
468 80
469 80
470 80
471 19
472 17
473 12
474 12
475 25
476 74
477 17
478 19
479 23
480 25
481 64
482 64
483 64
484 16
485 64
486 64
487 64
488 64
489 71
490 64
491 17
492 17
493 74
494 50
495 17
496 25
497 17
498 17
499 56
500 50
501 16
502 47
503 16
504 80
505 16
506 16
507 64
508 80
509 64
510 51
511 73
512 78
513 42
514 76
515 76
516 73
517 78
518 34
519 76
520 78
521 43
522 18
523 76
524 75
525 43
526 75
527 62
528 43
529 75
530 43
531 34
532 34
533 76
534 15
535 34
536 34
537 34
538 34
539 34
540 34
541 34
542 34
543 34
544 34
545 34
546 34
547 34
548 66
549 75
550 42
551 53
552 75
553 75
554 44
555 43
556 43
557 53
558 53
559 44
560 43
561 76
562 76
563 76
564 76
565 76
566 76
567 76
568 18
569 18
570 76
571 58
572 58
573 58
574 46
575 30
576 46
577 30
578 78
579 78
580 46
581 66
582 42
583 42
584 73
585 12
586 73
587 12
588 73
589 23
590 23
591 78
592 78
593 78
594 78
595 42
596 78
597 78
598 78
599 78
600 42
601 78
602 78
603 46
604 46
605 15
606 15
607 15
608 30
609 15
610 15
611 43
612 71
613 71
614 17
615 43
616 17
617 62
618 43
619 43
620 43
621 46
622 30
623 46
624 15
625 30
626 46
627 46
628 46
629 46
630 30
631 18
632 30
633 30
634 30
635 30
636 30
637 18
638 16
639 30
640 7
641 18
642 62
643 18
644 43
645 18
646 18
647 18
648 18
649 18
650 18
651 42
652 42
653 46
654 42
655 42
656 66
657 66
658 11
659 66
660 66
661 57
662 11
663 11
664 11
665 11
666 11
667 11
668 11
669 11
670 46
671 46
672 46
673 46
674 46
675 46
676 46
677 46
678 46
679 46
680 46
681 43
682 43
683 43
684 60
685 59
686 53
687 53
688 53
689 53
690 53
691 43
692 57
693 43
694 43
695 60
696 60
697 60
698 66
699 57
700 60
701 53
702 71
703 57
704 57
705 71
706 60
707 71
708 57
709 60
710 57
711 63
712 63
713 66
714 73
715 63
716 78
717 63
718 63
719 58
720 58
721 12
722 12
723 12
724 60
725 60
726 60
727 60
728 12
729 60
730 19
731 17
732 23
733 17
734 74
735 25
736 71
737 71
738 17
739 23
740 19
741 17
742 25
743 17
744 50
745 12
746 71
747 17
748 25
749 17
750 17
751 57
752 57
753 57
754 57
755 23
756 23
757 51
758 47
759 23
760 71
761 23
762 41
763 60
764 73
765 24
766 24
767 23
768 73
769 73
770 73
771 59
772 24
773 24
774 7
775 19
776 7
777 24
778 24
779 24
780 53
781 62
782 24
783 7
784 7
785 53
786 7
787 24
788 7
789 62
790 24
791 80
792 80
793 80
794 80
795 62
796 80
797 80
798 80
799 62
800 80
