32 72
52 34 54
12 11
58 66
41 76
42 38
27 25 51
16 65 19
64
35
36 73
79 69 78
9 63
37 44
3 23 53
80 71
43 56 1
70
55 67
24 45 47
46 59
14 61
50
30 39 10
22 31 18 15 68
21 77
29
33 28 26
5 17
4 49
6 40
74
60 57 48
75
8 7 13 62
2 20

1 53
2 53
3 53
4 1
5 1
6 1
7 75
8 75
9 75
10 1
11 75
12 2
13 2
14 2
15 75
16 75
17 2
18 75
19 75
20 75
21 3
22 38
23 3
24 3
25 3
26 3
27 3
28 3
29 3
30 3
31 64
32 4
33 64
34 64
35 64
36 66
37 64
38 66
39 64
40 64
41 5
42 5
43 5
44 5
45 5
46 5
47 5
48 5
49 5
50 5
51 6
52 6
53 6
54 21
55 21
56 6
57 21
58 6
59 6
60 6
61 17
62 17
63 17
64 74
65 49
66 74
67 49
68 74
69 49
70 74
71 74
72 49
73 8
74 74
75 74
76 74
77 49
78 74
79 74
80 49
81 9
82 9
83 9
84 9
85 9
86 9
87 9
88 9
89 9
90 9
91 28
92 28
93 28
94 28
95 28
96 10
97 10
98 28
99 28
100 48
101 11
102 11
103 11
104 11
105 11
106 11
107 11
108 11
109 11
110 11
111 12
112 12
113 12
114 12
115 12
116 12
117 12
118 12
119 12
120 12
121 8
122 74
123 74
124 74
125 49
126 74
127 74
128 8
129 17
130 17
131 14
132 14
133 14
134 14
135 14
136 14
137 14
138 14
139 14
140 14
141 70
142 70
143 15
144 70
145 70
146 70
147 70
148 70
149 70
150 70
151 16
152 16
153 16
154 16
155 16
156 16
157 16
158 16
159 16
160 16
161 17
162 17
163 17
164 17
165 17
166 17
167 17
168 17
169 17
170 17
171 18
172 18
173 18
174 18
175 18
176 18
177 18
178 18
179 18
180 18
181 19
182 19
183 59
184 59
185 59
186 59
187 59
188 59
189 59
190 59
191 20
192 20
193 20
194 20
195 20
196 20
197 20
198 20
199 20
200 20
201 21
202 21
203 21
204 21
205 25
206 21
207 21
208 21
209 21
210 27
211 22
212 22
213 22
214 9
215 22
216 9
217 22
218 22
219 22
220 9
221 3
222 3
223 23
224 23
225 23
226 38
227 23
228 23
229 23
230 23
231 24
232 35
233 35
234 24
235 35
236 35
237 35
238 24
239 24
240 24
241 25
242 27
243 25
244 27
245 27
246 27
247 27
248 27
249 27
250 27
251 29
252 29
253 29
254 29
255 40
256 76
257 76
258 76
259 51
260 76
261 27
262 27
263 27
264 27
265 27
266 27
267 27
268 27
269 27
270 27
271 28
272 28
273 28
274 28
275 28
276 28
277 28
278 28
279 28
280 28
281 76
282 29
283 76
284 29
285 29
286 29
287 29
288 29
289 29
290 29
291 30
292 30
293 30
294 30
295 30
296 30
297 30
298 30
299 30
300 30
301 63
302 31
303 11
304 31
305 11
306 63
307 11
308 31
309 31
310 63
311 32
312 32
313 32
314 32
315 32
316 32
317 32
318 32
319 32
320 32
321 44
322 44
323 33
324 44
325 33
326 44
327 44
328 44
329 44
330 33
331 34
332 52
333 34
334 34
335 34
336 34
337 34
338 34
339 52
340 52
341 35
342 35
343 35
344 35
345 35
346 35
347 35
348 35
349 35
350 35
351 36
352 36
353 36
354 36
355 36
356 36
357 36
358 36
359 36
360 36
361 37
362 37
363 37
364 37
365 37
366 37
367 37
368 37
369 37
370 37
371 38
372 38
373 38
374 38
375 38
376 38
377 38
378 38
379 38
380 38
381 39
382 39
383 39
384 39
385 39
386 39
387 39
388 39
389 39
390 39
391 78
392 29
393 40
394 29
395 76
396 40
397 76
398 29
399 29
400 26
401 41
402 41
403 41
404 41
405 41
406 41
407 41
408 41
409 41
410 41
411 42
412 42
413 42
414 42
415 42
416 42
417 42
418 42
419 42
420 42
421 43
422 43
423 23
424 43
425 43
426 43
427 23
428 23
429 43
430 23
431 44
432 44
433 44
434 44
435 44
436 44
437 44
438 44
439 33
440 33
441 35
442 24
443 24
444 45
445 24
446 45
447 45
448 45
449 24
450 35
451 46
452 46
453 46
454 46
455 46
456 46
457 46
458 46
459 46
460 46
461 35
462 45
463 45
464 45
465 45
466 45
467 45
468 24
469 45
470 45
471 48
472 39
473 39
474 48
475 48
476 39
477 48
478 48
479 48
480 48
481 49
482 49
483 49
484 49
485 49
486 66
487 49
488 49
489 49
490 49
491 50
492 50
493 50
494 50
495 50
496 50
497 50
498 50
499 50
500 50
501 29
502 51
503 77
504 29
505 26
506 29
507 29
508 29
509 51
510 29
511 52
512 52
513 52
514 52
515 52
516 52
517 52
518 52
519 52
520 52
521 75
522 75
523 75
524 75
525 75
526 75
527 75
528 75
529 75
530 2
531 56
532 56
533 56
534 34
535 56
536 56
537 56
538 56
539 56
540 56
541 55
542 55
543 55
544 55
545 55
546 55
547 55
548 55
549 55
550 55
551 54
552 54
553 54
554 56
555 54
556 56
557 43
558 56
559 56
560 56
561 71
562 57
563 71
564 71
565 71
566 71
567 71
568 57
569 57
570 57
571 58
572 58
573 58
574 58
575 58
576 58
577 58
578 58
579 58
580 58
581 19
582 19
583 19
584 59
585 59
586 59
587 59
588 59
589 59
590 59
591 60
592 60
593 60
594 60
595 60
596 60
597 60
598 60
599 60
600 60
601 14
602 61
603 14
604 61
605 14
606 14
607 14
608 14
609 61
610 14
611 62
612 68
613 62
614 24
615 62
616 62
617 62
618 62
619 62
620 62
621 9
622 11
623 11
624 9
625 63
626 63
627 63
628 63
629 9
630 63
631 64
632 64
633 64
634 64
635 64
636 64
637 64
638 64
639 64
640 64
641 16
642 16
643 16
644 16
645 16
646 16
647 16
648 16
649 16
650 16
651 66
652 66
653 66
654 66
655 66
656 66
657 66
658 66
659 66
660 66
661 55
662 55
663 67
664 55
665 55
666 55
667 55
668 55
669 55
670 55
671 35
672 35
673 35
674 68
675 24
676 35
677 35
678 68
679 35
680 35
681 69
682 69
683 69
684 69
685 69
686 69
687 69
688 69
689 69
690 69
691 70
692 70
693 70
694 70
695 70
696 70
697 70
698 70
699 70
700 70
701 80
702 80
703 57
704 71
705 71
706 71
707 80
708 71
709 80
710 71
711 32
712 72
713 32
714 72
715 72
716 72
717 72
718 72
719 72
720 32
721 73
722 73
723 73
724 73
725 73
726 73
727 73
728 73
729 73
730 73
731 74
732 74
733 74
734 74
735 74
736 74
737 74
738 74
739 74
740 49
741 75
742 75
743 75
744 75
745 75
746 75
747 75
748 2
749 2
750 2
751 41
752 29
753 76
754 41
755 41
756 41
757 41
758 29
759 41
760 29
761 77
762 77
763 77
764 77
765 77
766 77
767 77
768 77
769 77
770 77
771 78
772 78
773 78
774 78
775 40
776 40
777 40
778 40
779 26
780 40
781 79
782 79
783 79
784 79
785 79
786 79
787 79
788 79
789 79
790 79
791 80
792 80
793 80
794 80
795 80
796 80
797 80
798 80
799 80
800 80
