50
43
26
32
48
49
38
44
51
21
24
12
76
5
47
27 78
33 74 59
67 72 39
25

1 50
2 50
3 51
4 50
5 50
6 50
7 50
8 50
9 50
10 50
11 32
12 50
13 50
14 43
15 43
16 50
17 50
18 50
19 50
20 43
21 50
22 50
23 50
24 50
25 50
26 50
27 50
28 50
29 50
30 50
31 43
32 43
33 43
34 43
35 43
36 43
37 43
38 43
39 43
40 43
41 43
42 43
43 49
44 43
45 21
46 44
47 43
48 43
49 51
50 43
51 43
52 43
53 43
54 43
55 43
56 43
57 26
58 26
59 26
60 26
61 26
62 26
63 26
64 26
65 26
66 26
67 26
68 26
69 26
70 32
71 26
72 26
73 26
74 26
75 26
76 26
77 26
78 26
79 26
80 26
81 26
82 26
83 32
84 32
85 32
86 49
87 32
88 32
89 32
90 32
91 32
92 32
93 32
94 32
95 32
96 32
97 49
98 32
99 32
100 32
101 32
102 32
103 32
104 32
105 32
106 32
107 49
108 32
109 48
110 48
111 48
112 49
113 48
114 48
115 48
116 48
117 48
118 48
119 44
120 49
121 48
122 25
123 49
124 48
125 48
126 48
127 48
128 48
129 48
130 48
131 48
132 48
133 48
134 48
135 48
136 49
137 48
138 48
139 49
140 48
141 49
142 49
143 49
144 49
145 49
146 49
147 49
148 49
149 49
150 49
151 49
152 49
153 49
154 49
155 49
156 49
157 38
158 38
159 38
160 38
161 38
162 38
163 38
164 21
165 38
166 25
167 38
168 38
169 38
170 38
171 38
172 38
173 38
174 44
175 38
176 38
177 38
178 38
179 38
180 38
181 38
182 38
183 38
184 38
185 44
186 44
187 44
188 44
189 44
190 44
191 44
192 44
193 44
194 44
195 44
196 44
197 44
198 44
199 44
200 44
201 44
202 44
203 44
204 24
205 44
206 44
207 44
208 51
209 51
210 51
211 51
212 51
213 51
214 51
215 51
216 51
217 51
218 51
219 51
220 51
221 51
222 51
223 51
224 51
225 51
226 76
227 47
228 51
229 51
230 51
231 51
232 51
233 21
234 76
235 21
236 21
237 21
238 21
239 76
240 21
241 21
242 21
243 21
244 21
245 21
246 21
247 21
248 24
249 21
250 21
251 21
252 21
253 21
254 21
255 21
256 24
257 21
258 76
259 24
260 21
261 21
262 24
263 24
264 24
265 24
266 24
267 24
268 24
269 24
270 24
271 24
272 24
273 24
274 24
275 24
276 24
277 24
278 24
279 24
280 24
281 24
282 76
283 24
284 12
285 12
286 12
287 12
288 12
289 12
290 12
291 76
292 12
293 12
294 12
295 12
296 12
297 12
298 12
299 12
300 12
301 12
302 12
303 12
304 12
305 12
306 12
307 76
308 12
309 12
310 12
311 76
312 76
313 76
314 76
315 76
316 76
317 76
318 76
319 5
320 76
321 76
322 76
323 76
324 76
325 76
326 76
327 76
328 76
329 76
330 5
331 5
332 5
333 5
334 5
335 5
336 5
337 47
338 47
339 47
340 47
341 47
342 47
343 27
344 27
345 27
346 47
347 27
348 47
349 47
350 27
351 47
352 47
353 47
354 47
355 47
356 47
357 47
358 47
359 47
360 47
361 47
362 47
363 27
364 47
365 47
366 47
367 27
368 27
369 27
370 27
371 27
372 27
373 27
374 27
375 27
376 27
377 33
378 27
379 33
380 74
381 27
382 27
383 27
384 5
385 5
386 5
387 5
388 5
389 5
390 5
391 5
392 5
393 5
394 5
395 5
396 5
397 5
398 5
399 5
400 5
