69 79
12 11
39 48
70
4 64
16 65 19
27 25 51
40
2 75
23 43 56
63
35
36 73
71 57
13
29 26 76
31
58 66 15 47
38
37 44
1 53 42
54 34
5 17
30 80
55 67
22
9 18 49
32 72
78 41 21
52
68
50
3 14
20 24 62 74
7 8 45 28
6 77 33
59 46
61
10 60

1 2
2 75
3 1
4 1
5 1
6 1
7 1
8 1
9 1
10 1
11 2
12 2
13 2
14 2
15 2
16 2
17 2
18 2
19 2
20 2
21 3
22 38
23 3
24 3
25 3
26 3
27 3
28 3
29 3
30 3
31 4
32 4
33 4
34 4
35 4
36 4
37 4
38 4
39 4
40 4
41 5
42 5
43 5
44 5
45 5
46 5
47 5
48 5
49 5
50 5
51 6
52 6
53 6
54 6
55 6
56 6
57 21
58 6
59 6
60 6
61 13
62 13
63 13
64 13
65 17
66 13
67 13
68 13
69 13
70 13
71 13
72 13
73 13
74 13
75 13
76 8
77 17
78 17
79 17
80 17
81 9
82 9
83 22
84 9
85 63
86 63
87 9
88 22
89 9
90 9
91 10
92 10
93 10
94 10
95 10
96 10
97 10
98 28
99 10
100 48
101 11
102 11
103 11
104 11
105 11
106 11
107 11
108 11
109 11
110 11
111 12
112 12
113 12
114 12
115 12
116 12
117 12
118 12
119 12
120 12
121 7
122 7
123 7
124 7
125 49
126 7
127 7
128 13
129 13
130 13
131 14
132 14
133 14
134 14
135 14
136 14
137 14
138 14
139 14
140 14
141 70
142 70
143 15
144 70
145 70
146 70
147 70
148 70
149 70
150 70
151 16
152 16
153 16
154 16
155 16
156 16
157 16
158 16
159 16
160 16
161 13
162 13
163 13
164 17
165 13
166 13
167 13
168 17
169 13
170 13
171 18
172 18
173 18
174 18
175 18
176 18
177 18
178 18
179 18
180 18
181 19
182 19
183 59
184 59
185 59
186 59
187 59
188 59
189 59
190 59
191 20
192 20
193 20
194 20
195 20
196 20
197 20
198 20
199 20
200 20
201 21
202 21
203 21
204 21
205 25
206 21
207 21
208 21
209 21
210 27
211 22
212 22
213 22
214 63
215 22
216 22
217 22
218 22
219 22
220 22
221 23
222 23
223 23
224 23
225 23
226 23
227 23
228 23
229 23
230 23
231 47
232 35
233 35
234 24
235 35
236 35
237 35
238 68
239 24
240 24
241 25
242 27
243 25
244 27
245 27
246 27
247 27
248 27
249 27
250 27
251 29
252 29
253 29
254 29
255 29
256 51
257 51
258 40
259 40
260 40
261 27
262 27
263 27
264 27
265 27
266 27
267 27
268 27
269 27
270 27
271 28
272 28
273 28
274 28
275 28
276 10
277 10
278 10
279 10
280 10
281 40
282 40
283 40
284 29
285 40
286 29
287 40
288 40
289 29
290 29
291 30
292 30
293 30
294 30
295 30
296 30
297 39
298 30
299 30
300 30
301 63
302 31
303 11
304 31
305 11
306 63
307 11
308 31
309 31
310 63
311 32
312 32
313 32
314 32
315 32
316 32
317 32
318 32
319 32
320 32
321 44
322 44
323 33
324 44
325 33
326 44
327 44
328 44
329 44
330 33
331 34
332 52
333 34
334 34
335 34
336 34
337 34
338 34
339 52
340 52
341 35
342 35
343 35
344 35
345 35
346 35
347 35
348 35
349 35
350 35
351 36
352 36
353 36
354 36
355 36
356 36
357 36
358 36
359 36
360 36
361 37
362 37
363 37
364 37
365 37
366 37
367 37
368 37
369 37
370 37
371 38
372 38
373 38
374 38
375 38
376 38
377 38
378 38
379 38
380 23
381 39
382 39
383 39
384 39
385 39
386 39
387 39
388 39
389 39
390 39
391 40
392 40
393 40
394 40
395 40
396 40
397 40
398 40
399 40
400 40
401 41
402 41
403 41
404 41
405 41
406 41
407 41
408 41
409 29
410 41
411 42
412 42
413 42
414 42
415 42
416 42
417 42
418 42
419 42
420 42
421 43
422 43
423 23
424 43
425 43
426 43
427 23
428 23
429 43
430 23
431 44
432 44
433 44
434 44
435 44
436 44
437 44
438 44
439 33
440 33
441 35
442 24
443 24
444 45
445 24
446 45
447 45
448 45
449 47
450 35
451 46
452 46
453 46
454 46
455 46
456 46
457 46
458 46
459 46
460 46
461 35
462 47
463 47
464 45
465 45
466 45
467 45
468 24
469 45
470 45
471 48
472 39
473 39
474 48
475 48
476 39
477 48
478 48
479 48
480 48
481 17
482 17
483 17
484 17
485 49
486 66
487 49
488 49
489 49
490 49
491 50
492 50
493 50
494 50
495 50
496 50
497 50
498 50
499 50
500 50
501 29
502 51
503 77
504 29
505 26
506 29
507 29
508 29
509 29
510 29
511 52
512 52
513 52
514 52
515 34
516 34
517 52
518 52
519 52
520 52
521 2
522 2
523 1
524 1
525 1
526 2
527 2
528 1
529 1
530 2
531 54
532 54
533 54
534 54
535 54
536 54
537 54
538 54
539 54
540 54
541 55
542 55
543 55
544 55
545 55
546 55
547 55
548 55
549 55
550 55
551 56
552 54
553 54
554 56
555 54
556 54
557 43
558 56
559 54
560 54
561 71
562 57
563 71
564 71
565 71
566 71
567 71
568 71
569 71
570 71
571 58
572 58
573 58
574 58
575 58
576 58
577 58
578 58
579 58
580 58
581 19
582 19
583 19
584 59
585 59
586 59
587 59
588 59
589 59
590 59
591 60
592 60
593 60
594 60
595 60
596 60
597 60
598 60
599 60
600 60
601 14
602 61
603 14
604 61
605 14
606 14
607 61
608 14
609 61
610 14
611 62
612 68
613 62
614 68
615 68
616 62
617 62
618 62
619 68
620 68
621 63
622 11
623 11
624 63
625 63
626 63
627 63
628 63
629 63
630 63
631 64
632 4
633 4
634 4
635 4
636 64
637 64
638 4
639 64
640 64
641 16
642 16
643 16
644 16
645 16
646 16
647 16
648 16
649 16
650 16
651 66
652 66
653 66
654 66
655 66
656 4
657 66
658 66
659 66
660 66
661 55
662 55
663 67
664 55
665 55
666 55
667 55
668 55
669 55
670 55
671 35
672 35
673 35
674 68
675 68
676 35
677 35
678 68
679 35
680 35
681 69
682 69
683 69
684 69
685 69
686 69
687 69
688 69
689 69
690 69
691 70
692 70
693 70
694 70
695 70
696 70
697 70
698 70
699 70
700 70
701 71
702 71
703 71
704 71
705 71
706 71
707 71
708 71
709 71
710 71
711 32
712 72
713 32
714 72
715 72
716 72
717 72
718 72
719 72
720 32
721 73
722 73
723 73
724 73
725 73
726 73
727 73
728 73
729 73
730 73
731 74
732 17
733 17
734 17
735 7
736 17
737 7
738 74
739 74
740 49
741 2
742 1
743 2
744 2
745 2
746 2
747 1
748 2
749 2
750 2
751 41
752 29
753 76
754 41
755 41
756 29
757 29
758 29
759 29
760 29
761 77
762 77
763 77
764 6
765 77
766 77
767 6
768 6
769 6
770 77
771 78
772 78
773 78
774 40
775 78
776 40
777 40
778 40
779 40
780 40
781 79
782 79
783 79
784 79
785 79
786 79
787 79
788 79
789 79
790 79
791 71
792 71
793 80
794 80
795 71
796 71
797 80
798 80
799 71
800 80
