37 44
64
12 11
58 66
67 55 68
52 34 54
16 65 19
6 77 51
38
23 43 61
33 39 48
9 63
42 53
36 73
7
2 75
49
31 18 50 15
8 17 13 74
30 80 71
47 45
72
78 40
41 76
14
29 26 21
32 20 35
25 27 28
24 62
57
46 59
69 79
60
56
1 4 5 22
70
3 10

1 53
2 53
3 53
4 53
5 53
6 53
7 53
8 53
9 53
10 1
11 53
12 2
13 2
14 2
15 53
16 2
17 2
18 2
19 2
20 2
21 3
22 38
23 3
24 3
25 3
26 3
27 3
28 3
29 3
30 3
31 64
32 4
33 64
34 64
35 64
36 66
37 64
38 66
39 64
40 64
41 5
42 5
43 5
44 5
45 5
46 5
47 5
48 5
49 5
50 5
51 6
52 6
53 6
54 6
55 6
56 6
57 6
58 6
59 6
60 6
61 7
62 7
63 7
64 7
65 7
66 7
67 7
68 7
69 7
70 7
71 7
72 7
73 7
74 7
75 8
76 8
77 49
78 8
79 8
80 49
81 9
82 9
83 9
84 9
85 9
86 9
87 9
88 9
89 9
90 9
91 10
92 10
93 10
94 10
95 10
96 10
97 10
98 10
99 10
100 10
101 11
102 11
103 11
104 11
105 11
106 11
107 11
108 11
109 11
110 11
111 12
112 12
113 12
114 12
115 12
116 12
117 12
118 12
119 12
120 12
121 8
122 8
123 8
124 8
125 49
126 8
127 8
128 7
129 7
130 7
131 14
132 14
133 14
134 14
135 14
136 14
137 14
138 14
139 14
140 14
141 70
142 70
143 15
144 70
145 70
146 70
147 70
148 70
149 70
150 70
151 16
152 16
153 16
154 16
155 16
156 16
157 16
158 16
159 16
160 16
161 7
162 7
163 7
164 49
165 7
166 7
167 7
168 49
169 7
170 7
171 18
172 18
173 18
174 18
175 18
176 18
177 18
178 18
179 18
180 18
181 19
182 19
183 59
184 59
185 59
186 59
187 59
188 59
189 59
190 59
191 20
192 20
193 20
194 20
195 20
196 20
197 20
198 20
199 20
200 20
201 6
202 21
203 21
204 21
205 25
206 21
207 21
208 21
209 21
210 25
211 22
212 22
213 22
214 9
215 22
216 9
217 22
218 22
219 22
220 9
221 23
222 23
223 23
224 23
225 23
226 38
227 23
228 23
229 23
230 23
231 47
232 35
233 47
234 24
235 35
236 24
237 24
238 24
239 24
240 47
241 25
242 25
243 25
244 25
245 25
246 25
247 25
248 25
249 25
250 25
251 76
252 76
253 29
254 76
255 29
256 51
257 51
258 40
259 40
260 40
261 25
262 25
263 25
264 21
265 25
266 21
267 25
268 25
269 25
270 27
271 28
272 28
273 28
274 28
275 28
276 10
277 10
278 10
279 10
280 10
281 40
282 78
283 29
284 29
285 29
286 29
287 29
288 29
289 76
290 76
291 30
292 30
293 30
294 30
295 30
296 30
297 39
298 30
299 30
300 30
301 63
302 31
303 11
304 31
305 11
306 63
307 11
308 31
309 31
310 63
311 32
312 72
313 32
314 32
315 32
316 32
317 32
318 32
319 32
320 32
321 44
322 44
323 33
324 44
325 33
326 44
327 44
328 44
329 44
330 33
331 34
332 52
333 34
334 34
335 34
336 34
337 34
338 34
339 52
340 52
341 24
342 24
343 24
344 47
345 24
346 24
347 45
348 24
349 24
350 24
351 36
352 36
353 36
354 36
355 36
356 36
357 36
358 36
359 36
360 36
361 37
362 37
363 37
364 37
365 37
366 37
367 37
368 37
369 37
370 37
371 38
372 38
373 38
374 38
375 38
376 38
377 38
378 38
379 38
380 38
381 39
382 39
383 39
384 39
385 39
386 39
387 39
388 39
389 39
390 39
391 78
392 78
393 78
394 78
395 40
396 40
397 40
398 78
399 78
400 40
401 41
402 41
403 41
404 41
405 41
406 41
407 41
408 41
409 41
410 41
411 42
412 42
413 42
414 42
415 42
416 42
417 42
418 42
419 42
420 42
421 43
422 43
423 23
424 43
425 43
426 43
427 23
428 23
429 43
430 23
431 44
432 44
433 44
434 44
435 44
436 44
437 44
438 44
439 33
440 33
441 47
442 47
443 47
444 47
445 47
446 47
447 47
448 45
449 47
450 47
451 46
452 46
453 46
454 46
455 46
456 46
457 46
458 46
459 46
460 46
461 47
462 47
463 47
464 47
465 47
466 47
467 47
468 47
469 47
470 47
471 48
472 39
473 39
474 10
475 48
476 39
477 48
478 48
479 48
480 48
481 49
482 49
483 49
484 49
485 49
486 66
487 49
488 49
489 49
490 49
491 50
492 50
493 50
494 50
495 50
496 50
497 50
498 50
499 50
500 50
501 29
502 51
503 77
504 29
505 26
506 29
507 76
508 29
509 29
510 29
511 52
512 52
513 52
514 52
515 52
516 52
517 52
518 52
519 52
520 52
521 53
522 53
523 53
524 53
525 75
526 2
527 2
528 75
529 75
530 2
531 56
532 56
533 56
534 34
535 56
536 56
537 56
538 56
539 56
540 56
541 67
542 67
543 67
544 55
545 67
546 67
547 67
548 67
549 67
550 67
551 54
552 54
553 54
554 56
555 54
556 56
557 43
558 56
559 56
560 56
561 57
562 57
563 57
564 57
565 57
566 57
567 57
568 57
569 57
570 57
571 58
572 58
573 58
574 58
575 58
576 58
577 58
578 58
579 58
580 58
581 19
582 19
583 19
584 59
585 59
586 59
587 59
588 59
589 59
590 59
591 60
592 60
593 60
594 60
595 60
596 60
597 60
598 60
599 60
600 60
601 14
602 61
603 14
604 61
605 14
606 14
607 14
608 61
609 61
610 61
611 62
612 62
613 62
614 24
615 62
616 62
617 62
618 62
619 62
620 62
621 9
622 11
623 11
624 9
625 63
626 63
627 63
628 63
629 9
630 63
631 64
632 64
633 64
634 64
635 64
636 64
637 64
638 64
639 64
640 64
641 16
642 16
643 16
644 16
645 16
646 16
647 16
648 16
649 16
650 16
651 66
652 66
653 66
654 66
655 66
656 66
657 66
658 66
659 66
660 66
661 67
662 67
663 67
664 67
665 67
666 67
667 67
668 67
669 67
670 67
671 68
672 68
673 68
674 68
675 68
676 35
677 35
678 62
679 35
680 35
681 69
682 69
683 69
684 69
685 69
686 69
687 69
688 69
689 69
690 69
691 70
692 70
693 70
694 70
695 70
696 70
697 70
698 70
699 70
700 70
701 80
702 80
703 57
704 71
705 71
706 57
707 80
708 57
709 80
710 57
711 72
712 72
713 72
714 72
715 72
716 72
717 72
718 72
719 72
720 72
721 73
722 73
723 73
724 73
725 73
726 73
727 73
728 73
729 73
730 73
731 13
732 8
733 8
734 8
735 8
736 8
737 8
738 13
739 74
740 49
741 2
742 75
743 2
744 2
745 2
746 2
747 75
748 2
749 2
750 2
751 41
752 76
753 76
754 41
755 41
756 41
757 41
758 76
759 41
760 29
761 77
762 77
763 77
764 6
765 77
766 77
767 6
768 6
769 6
770 77
771 78
772 78
773 78
774 78
775 78
776 78
777 78
778 78
779 78
780 78
781 79
782 79
783 79
784 79
785 79
786 79
787 79
788 79
789 79
790 79
791 80
792 80
793 80
794 80
795 80
796 80
797 80
798 80
799 80
800 80
