52
17
25 58
68
40 72
19 74 42
28 49
77 60 38 37 24
18 54 34
55 71 57
10 14 30 65 43 51 32 69
1 36 46 56 75 67
8 21 53 59 73 39 26 45
66
35
48
2 4 12
9 62 76
3 16 78
20 15 80 64 50 41 31 23 33
79 61 70 47 44
22 63
5 13 11 6 29

1 1
2 1
3 71
4 1
5 1
6 57
7 55
8 57
9 57
10 1
11 49
12 49
13 34
14 34
15 34
16 75
17 67
18 34
19 54
20 54
21 3
22 3
23 3
24 3
25 3
26 55
27 3
28 3
29 3
30 3
31 54
32 49
33 49
34 54
35 54
36 49
37 49
38 54
39 34
40 49
41 17
42 17
43 24
44 17
45 17
46 17
47 35
48 35
49 35
50 17
51 54
52 6
53 6
54 6
55 6
56 54
57 54
58 6
59 34
60 54
61 78
62 78
63 63
64 22
65 41
66 16
67 22
68 41
69 41
70 78
71 25
72 72
73 8
74 25
75 19
76 72
77 72
78 19
79 69
80 72
81 48
82 71
83 42
84 42
85 55
86 42
87 42
88 42
89 9
90 71
91 10
92 68
93 10
94 10
95 10
96 68
97 10
98 10
99 68
100 10
101 38
102 24
103 45
104 24
105 24
106 77
107 39
108 24
109 77
110 24
111 54
112 54
113 54
114 54
115 54
116 54
117 34
118 34
119 54
120 54
121 35
122 17
123 13
124 17
125 17
126 5
127 17
128 5
129 13
130 17
131 68
132 68
133 68
134 68
135 68
136 68
137 68
138 10
139 68
140 68
141 20
142 15
143 15
144 20
145 20
146 15
147 20
148 20
149 20
150 20
151 16
152 16
153 52
154 43
155 52
156 52
157 51
158 16
159 10
160 43
161 17
162 17
163 17
164 17
165 17
166 17
167 17
168 17
169 17
170 17
171 17
172 49
173 49
174 17
175 49
176 49
177 17
178 77
179 77
180 49
181 19
182 19
183 52
184 19
185 19
186 19
187 19
188 19
189 19
190 19
191 20
192 20
193 59
194 20
195 20
196 20
197 20
198 20
199 20
200 20
201 40
202 52
203 40
204 40
205 40
206 21
207 52
208 40
209 40
210 40
211 22
212 22
213 33
214 22
215 22
216 22
217 22
218 22
219 33
220 22
221 80
222 66
223 66
224 66
225 66
226 66
227 66
228 66
229 66
230 66
231 17
232 77
233 77
234 17
235 77
236 17
237 17
238 17
239 17
240 17
241 25
242 25
243 25
244 25
245 25
246 25
247 25
248 25
249 25
250 25
251 40
252 38
253 38
254 73
255 39
256 77
257 26
258 40
259 38
260 77
261 33
262 78
263 10
264 10
265 78
266 10
267 10
268 33
269 16
270 10
271 25
272 28
273 28
274 28
275 28
276 28
277 25
278 25
279 28
280 25
281 29
282 29
283 6
284 29
285 29
286 6
287 6
288 54
289 54
290 29
291 68
292 68
293 68
294 68
295 68
296 68
297 68
298 68
299 68
300 68
301 66
302 41
303 16
304 66
305 78
306 66
307 66
308 66
309 66
310 66
311 52
312 52
313 52
314 52
315 52
316 65
317 52
318 52
319 52
320 52
321 66
322 33
323 33
324 33
325 33
326 33
327 66
328 41
329 33
330 66
331 54
332 34
333 54
334 34
335 34
336 54
337 34
338 49
339 54
340 54
341 35
342 35
343 35
344 26
345 35
346 45
347 35
348 35
349 35
350 35
351 71
352 57
353 71
354 57
355 57
356 57
357 57
358 57
359 55
360 71
361 17
362 17
363 17
364 17
365 17
366 77
367 77
368 77
369 77
370 17
371 77
372 17
373 17
374 77
375 77
376 77
377 77
378 77
379 77
380 77
381 38
382 73
383 38
384 59
385 77
386 39
387 77
388 59
389 59
390 40
391 40
392 40
393 40
394 40
395 40
396 40
397 40
398 40
399 40
400 40
401 16
402 16
403 66
404 16
405 66
406 66
407 66
408 16
409 66
410 41
411 42
412 74
413 42
414 74
415 74
416 74
417 42
418 74
419 42
420 42
421 65
422 52
423 52
424 52
425 52
426 10
427 52
428 52
429 52
430 52
431 59
432 59
433 59
434 59
435 44
436 73
437 59
438 53
439 59
440 59
441 35
442 35
443 77
444 77
445 35
446 73
447 39
448 45
449 39
450 77
451 46
452 46
453 46
454 46
455 1
456 1
457 46
458 46
459 46
460 46
461 79
462 79
463 45
464 79
465 79
466 79
467 79
468 79
469 79
470 79
471 48
472 48
473 74
474 48
475 74
476 48
477 48
478 48
479 48
480 48
481 49
482 28
483 49
484 28
485 25
486 28
487 25
488 49
489 49
490 49
491 66
492 80
493 16
494 66
495 66
496 66
497 16
498 52
499 64
500 16
501 52
502 52
503 52
504 52
505 52
506 52
507 43
508 52
509 43
510 43
511 43
512 52
513 52
514 52
515 52
516 52
517 52
518 52
519 52
520 52
521 21
522 40
523 40
524 53
525 53
526 40
527 40
528 40
529 53
530 40
531 54
532 54
533 17
534 17
535 54
536 49
537 17
538 49
539 49
540 17
541 55
542 55
543 55
544 55
545 55
546 55
547 55
548 55
549 55
550 55
551 56
552 25
553 46
554 56
555 46
556 56
557 56
558 56
559 56
560 56
561 55
562 55
563 57
564 55
565 55
566 55
567 55
568 55
569 55
570 57
571 25
572 25
573 25
574 58
575 25
576 25
577 25
578 25
579 25
580 25
581 40
582 53
583 40
584 40
585 40
586 59
587 40
588 40
589 40
590 59
591 17
592 49
593 17
594 17
595 77
596 77
597 77
598 17
599 17
600 60
601 79
602 61
603 61
604 79
605 45
606 61
607 79
608 59
609 79
610 45
611 74
612 19
613 74
614 62
615 48
616 62
617 9
618 62
619 71
620 74
621 63
622 63
623 22
624 22
625 22
626 22
627 22
628 22
629 63
630 22
631 80
632 80
633 64
634 64
635 51
636 51
637 80
638 66
639 51
640 80
641 65
642 52
643 52
644 65
645 19
646 19
647 68
648 52
649 30
650 65
651 66
652 66
653 66
654 66
655 66
656 66
657 66
658 66
659 66
660 66
661 56
662 75
663 56
664 56
665 67
666 67
667 56
668 56
669 56
670 75
671 68
672 68
673 68
674 68
675 68
676 68
677 68
678 68
679 68
680 68
681 19
682 52
683 19
684 19
685 52
686 52
687 52
688 19
689 52
690 52
691 79
692 79
693 70
694 79
695 79
696 70
697 61
698 70
699 61
700 61
701 55
702 55
703 55
704 55
705 55
706 55
707 42
708 55
709 55
710 55
711 40
712 40
713 72
714 72
715 40
716 40
717 40
718 40
719 40
720 40
721 40
722 59
723 59
724 59
725 59
726 59
727 40
728 59
729 59
730 40
731 74
732 19
733 19
734 19
735 19
736 52
737 19
738 74
739 19
740 74
741 34
742 25
743 34
744 25
745 75
746 56
747 25
748 56
749 56
750 25
751 9
752 71
753 62
754 9
755 25
756 62
757 48
758 74
759 74
760 58
761 77
762 77
763 77
764 77
765 77
766 77
767 77
768 17
769 17
770 77
771 43
772 43
773 43
774 10
775 16
776 16
777 16
778 16
779 16
780 16
781 79
782 45
783 45
784 45
785 45
786 35
787 35
788 79
789 79
790 35
791 66
792 15
793 66
794 66
795 66
796 20
797 80
798 15
799 80
800 80
