31
28
3
50
15
23
2
55
53 58
7 32 64 52 30 45
60
44 75
19
9 68
66
72 73
22 54 78 79
33 65
40 48 56 42 76
61 49
17 70 57
38
14 20 41 71 46

1 2
2 2
3 2
4 50
5 2
6 2
7 2
8 2
9 2
10 2
11 50
12 2
13 31
14 50
15 2
16 50
17 50
18 50
19 2
20 50
21 3
22 3
23 3
24 3
25 3
26 3
27 3
28 3
29 3
30 3
31 28
32 28
33 28
34 28
35 28
36 28
37 31
38 28
39 28
40 31
41 31
42 31
43 31
44 2
45 2
46 50
47 2
48 2
49 50
50 50
51 31
52 31
53 28
54 28
55 3
56 3
57 31
58 31
59 31
60 3
61 28
62 7
63 7
64 15
65 28
66 7
67 28
68 7
69 7
70 28
71 28
72 31
73 28
74 15
75 28
76 15
77 15
78 28
79 3
80 15
81 2
82 9
83 50
84 2
85 2
86 9
87 2
88 9
89 9
90 2
91 31
92 31
93 2
94 31
95 2
96 31
97 50
98 50
99 50
100 3
101 72
102 50
103 50
104 68
105 50
106 50
107 2
108 50
109 50
110 50
111 3
112 3
113 3
114 3
115 2
116 53
117 15
118 53
119 2
120 53
121 50
122 50
123 50
124 40
125 50
126 50
127 50
128 50
129 50
130 50
131 23
132 23
133 14
134 14
135 23
136 28
137 23
138 28
139 23
140 61
141 15
142 15
143 15
144 15
145 28
146 15
147 15
148 15
149 15
150 15
151 50
152 50
153 50
154 50
155 50
156 23
157 50
158 60
159 72
160 23
161 2
162 23
163 2
164 2
165 60
166 2
167 23
168 15
169 15
170 15
171 23
172 72
173 60
174 23
175 23
176 23
177 23
178 78
179 23
180 23
181 60
182 15
183 60
184 60
185 60
186 60
187 19
188 19
189 19
190 19
191 72
192 23
193 23
194 14
195 14
196 23
197 72
198 23
199 23
200 14
201 53
202 19
203 15
204 15
205 53
206 53
207 53
208 53
209 53
210 15
211 23
212 23
213 23
214 23
215 23
216 19
217 23
218 23
219 23
220 19
221 23
222 23
223 66
224 66
225 66
226 66
227 66
228 66
229 66
230 78
231 15
232 22
233 15
234 15
235 52
236 45
237 45
238 30
239 7
240 22
241 40
242 9
243 9
244 9
245 9
246 9
247 72
248 9
249 9
250 9
251 66
252 66
253 66
254 66
255 66
256 60
257 60
258 60
259 7
260 55
261 53
262 53
263 40
264 60
265 53
266 53
267 40
268 53
269 53
270 53
271 55
272 55
273 66
274 55
275 55
276 55
277 55
278 55
279 55
280 60
281 22
282 61
283 22
284 72
285 72
286 72
287 22
288 22
289 38
290 72
291 55
292 55
293 55
294 55
295 55
296 55
297 7
298 7
299 55
300 55
301 60
302 22
303 60
304 60
305 55
306 55
307 60
308 60
309 60
310 19
311 7
312 7
313 55
314 7
315 55
316 55
317 7
318 7
319 7
320 55
321 55
322 55
323 55
324 55
325 55
326 55
327 55
328 55
329 55
330 55
331 60
332 55
333 55
334 64
335 45
336 58
337 58
338 30
339 58
340 52
341 60
342 19
343 19
344 9
345 19
346 72
347 22
348 72
349 72
350 72
351 33
352 30
353 45
354 30
355 45
356 7
357 64
358 75
359 30
360 53
361 52
362 7
363 7
364 7
365 30
366 22
367 7
368 66
369 7
370 30
371 66
372 66
373 45
374 66
375 22
376 66
377 54
378 66
379 66
380 22
381 38
382 66
383 14
384 66
385 14
386 60
387 14
388 79
389 38
390 66
391 40
392 19
393 40
394 40
395 40
396 40
397 40
398 40
399 9
400 58
401 66
402 66
403 66
404 22
405 54
406 72
407 22
408 72
409 79
410 79
411 40
412 40
413 53
414 19
415 19
416 19
417 19
418 19
419 19
420 19
421 44
422 19
423 60
424 53
425 53
426 53
427 53
428 53
429 58
430 53
431 55
432 44
433 55
434 64
435 55
436 53
437 44
438 52
439 44
440 44
441 55
442 55
443 55
444 55
445 55
446 55
447 7
448 7
449 7
450 7
451 66
452 38
453 46
454 66
455 60
456 46
457 14
458 60
459 14
460 38
461 19
462 53
463 60
464 58
465 75
466 60
467 60
468 75
469 19
470 75
471 53
472 9
473 9
474 53
475 9
476 9
477 40
478 40
479 40
480 40
481 72
482 72
483 72
484 22
485 72
486 72
487 22
488 78
489 72
490 72
491 72
492 72
493 19
494 19
495 19
496 19
497 19
498 19
499 19
500 19
501 19
502 72
503 9
504 9
505 19
506 9
507 19
508 9
509 19
510 9
511 64
512 28
513 15
514 15
515 15
516 28
517 32
518 28
519 28
520 28
521 3
522 53
523 3
524 3
525 3
526 3
527 3
528 3
529 53
530 3
531 31
532 31
533 31
534 23
535 31
536 28
537 23
538 31
539 31
540 31
541 28
542 15
543 15
544 15
545 15
546 31
547 28
548 28
549 28
550 28
551 31
552 50
553 2
554 31
555 31
556 40
557 3
558 3
559 3
560 2
561 3
562 31
563 50
564 31
565 31
566 31
567 31
568 31
569 31
570 15
571 3
572 3
573 3
574 3
575 3
576 3
577 3
578 3
579 53
580 3
581 3
582 31
583 3
584 3
585 2
586 15
587 3
588 3
589 31
590 31
591 31
592 31
593 28
594 31
595 28
596 31
597 31
598 31
599 31
600 31
601 31
602 31
603 61
604 31
605 31
606 50
607 31
608 50
609 50
610 23
611 40
612 3
613 3
614 40
615 3
616 40
617 3
618 3
619 40
620 2
621 2
622 50
623 2
624 50
625 50
626 2
627 50
628 50
629 50
630 50
631 15
632 28
633 15
634 7
635 7
636 15
637 55
638 15
639 15
640 15
641 28
642 28
643 28
644 28
645 28
646 28
647 15
648 15
649 28
650 28
651 28
652 28
653 23
654 28
655 28
656 28
657 28
658 28
659 15
660 55
661 50
662 58
663 53
664 58
665 60
666 75
667 44
668 50
669 2
670 44
671 2
672 9
673 2
674 2
675 2
676 2
677 2
678 2
679 9
680 2
681 60
682 23
683 23
684 23
685 23
686 23
687 23
688 2
689 23
690 60
691 2
692 2
693 2
694 60
695 60
696 60
697 23
698 23
699 15
700 19
701 14
702 23
703 23
704 14
705 23
706 23
707 23
708 38
709 14
710 23
711 72
712 9
713 19
714 72
715 19
716 19
717 19
718 19
719 68
720 68
721 19
722 72
723 9
724 19
725 19
726 72
727 72
728 19
729 9
730 9
731 19
732 53
733 15
734 15
735 53
736 53
737 40
738 53
739 53
740 15
741 15
742 15
743 15
744 53
745 30
746 53
747 58
748 58
749 53
750 44
751 22
752 73
753 40
754 40
755 19
756 9
757 9
758 9
759 9
760 9
761 9
762 9
763 9
764 40
765 9
766 9
767 9
768 9
769 9
770 60
771 22
772 19
773 60
774 60
775 60
776 55
777 60
778 60
779 22
780 66
781 55
782 60
783 60
784 22
785 60
786 66
787 72
788 66
789 19
790 60
791 60
792 19
793 60
794 55
795 19
796 60
797 60
798 60
799 60
800 55
