20
71
35
73
17
40
27
1
15 28
65 46 62
13
12
69
76
18 24 19
9
74 68 37
70
10
59 44 78
32
16 57 50
39 48 26
34 56 64
45 58
41 72
2 5 77
8 49 51
23 29 61 67 43 38 66
14 60
21
54 53 33
30 31 22
47 55 79
6 42 63 52 80
36 25
3

1 1
2 1
3 1
4 1
5 1
6 1
7 1
8 1
9 1
10 1
11 73
12 73
13 73
14 73
15 73
16 73
17 73
18 73
19 73
20 73
21 13
22 69
23 6
24 3
25 13
26 13
27 6
28 6
29 13
30 13
31 39
32 69
33 13
34 69
35 69
36 69
37 62
38 3
39 13
40 13
41 73
42 73
43 12
44 73
45 73
46 73
47 73
48 73
49 73
50 73
51 70
52 70
53 6
54 21
55 70
56 10
57 70
58 70
59 45
60 6
61 44
62 45
63 45
64 58
65 44
66 70
67 45
68 45
69 59
70 40
71 35
72 35
73 35
74 35
75 27
76 27
77 27
78 27
79 27
80 27
81 9
82 9
83 9
84 9
85 9
86 9
87 9
88 9
89 9
90 9
91 10
92 10
93 10
94 10
95 10
96 10
97 10
98 10
99 10
100 10
101 32
102 32
103 32
104 32
105 32
106 32
107 32
108 32
109 32
110 32
111 61
112 5
113 19
114 23
115 23
116 23
117 2
118 23
119 2
120 23
121 65
122 69
123 69
124 69
125 69
126 69
127 69
128 13
129 17
130 13
131 14
132 14
133 14
134 14
135 14
136 14
137 71
138 14
139 14
140 14
141 15
142 15
143 15
144 15
145 15
146 15
147 15
148 15
149 15
150 15
151 68
152 16
153 68
154 16
155 16
156 68
157 16
158 16
159 16
160 16
161 17
162 17
163 17
164 17
165 17
166 17
167 17
168 17
169 17
170 17
171 76
172 76
173 18
174 76
175 46
176 76
177 76
178 76
179 76
180 76
181 12
182 19
183 19
184 19
185 19
186 12
187 19
188 19
189 76
190 76
191 20
192 20
193 20
194 20
195 20
196 20
197 20
198 20
199 51
200 10
201 21
202 45
203 45
204 45
205 45
206 45
207 45
208 45
209 45
210 45
211 9
212 9
213 9
214 9
215 30
216 9
217 9
218 9
219 31
220 31
221 77
222 23
223 5
224 5
225 23
226 23
227 19
228 2
229 19
230 5
231 46
232 76
233 76
234 76
235 46
236 76
237 76
238 18
239 76
240 76
241 25
242 25
243 55
244 55
245 25
246 25
247 25
248 25
249 25
250 25
251 41
252 10
253 10
254 39
255 49
256 35
257 39
258 39
259 48
260 10
261 35
262 35
263 27
264 35
265 35
266 35
267 35
268 35
269 27
270 35
271 28
272 28
273 28
274 28
275 28
276 28
277 28
278 28
279 28
280 15
281 12
282 73
283 12
284 73
285 12
286 12
287 12
288 12
289 73
290 12
291 1
292 1
293 1
294 30
295 1
296 1
297 30
298 30
299 1
300 1
301 1
302 1
303 1
304 1
305 9
306 31
307 44
308 44
309 9
310 30
311 71
312 32
313 32
314 32
315 32
316 32
317 71
318 71
319 32
320 71
321 33
322 33
323 54
324 60
325 25
326 54
327 54
328 33
329 60
330 25
331 34
332 50
333 50
334 50
335 34
336 50
337 34
338 34
339 34
340 34
341 10
342 41
343 10
344 10
345 41
346 10
347 10
348 35
349 35
350 26
351 8
352 36
353 8
354 36
355 47
356 72
357 36
358 36
359 72
360 36
361 74
362 74
363 74
364 37
365 74
366 74
367 37
368 16
369 16
370 74
371 76
372 19
373 76
374 19
375 38
376 61
377 24
378 38
379 23
380 38
381 69
382 39
383 39
384 39
385 13
386 13
387 39
388 69
389 13
390 39
391 40
392 40
393 40
394 40
395 40
396 40
397 40
398 40
399 40
400 40
401 41
402 27
403 35
404 41
405 39
406 39
407 35
408 35
409 27
410 41
411 21
412 21
413 70
414 70
415 20
416 10
417 20
418 20
419 20
420 21
421 61
422 19
423 43
424 12
425 43
426 19
427 43
428 43
429 43
430 43
431 59
432 59
433 40
434 40
435 40
436 40
437 40
438 44
439 40
440 59
441 9
442 70
443 9
444 9
445 70
446 70
447 70
448 70
449 70
450 70
451 17
452 17
453 65
454 17
455 65
456 46
457 46
458 65
459 65
460 65
461 54
462 27
463 8
464 54
465 47
466 27
467 8
468 10
469 8
470 10
471 48
472 48
473 39
474 13
475 13
476 13
477 13
478 39
479 48
480 39
481 41
482 8
483 8
484 8
485 26
486 8
487 8
488 26
489 8
490 8
491 34
492 50
493 34
494 34
495 34
496 34
497 34
498 50
499 34
500 40
501 8
502 8
503 8
504 51
505 63
506 41
507 8
508 8
509 63
510 41
511 42
512 45
513 20
514 20
515 20
516 20
517 20
518 20
519 45
520 6
521 54
522 60
523 54
524 54
525 54
526 54
527 54
528 54
529 54
530 54
531 54
532 14
533 14
534 14
535 27
536 54
537 54
538 54
539 54
540 54
541 27
542 27
543 35
544 27
545 27
546 14
547 27
548 55
549 35
550 27
551 78
552 50
553 50
554 1
555 1
556 56
557 34
558 34
559 34
560 56
561 68
562 16
563 16
564 16
565 57
566 16
567 16
568 16
569 68
570 16
571 9
572 44
573 70
574 70
575 45
576 45
577 45
578 44
579 44
580 45
581 71
582 59
583 59
584 59
585 59
586 59
587 59
588 59
589 40
590 71
591 14
592 14
593 14
594 32
595 14
596 14
597 14
598 32
599 14
600 60
601 12
602 12
603 77
604 19
605 2
606 23
607 23
608 77
609 19
610 77
611 65
612 62
613 65
614 65
615 65
616 65
617 65
618 65
619 65
620 65
621 51
622 63
623 51
624 8
625 6
626 6
627 8
628 51
629 6
630 6
631 40
632 40
633 64
634 34
635 64
636 34
637 34
638 64
639 64
640 78
641 17
642 17
643 17
644 17
645 17
646 17
647 17
648 17
649 17
650 17
651 12
652 12
653 19
654 66
655 19
656 19
657 12
658 19
659 19
660 12
661 12
662 28
663 28
664 28
665 12
666 12
667 28
668 28
669 12
670 12
671 68
672 68
673 68
674 71
675 68
676 74
677 74
678 74
679 71
680 68
681 62
682 13
683 13
684 13
685 13
686 65
687 13
688 17
689 13
690 13
691 73
692 70
693 70
694 70
695 70
696 70
697 70
698 70
699 70
700 45
701 71
702 71
703 71
704 71
705 71
706 71
707 71
708 71
709 71
710 71
711 48
712 26
713 27
714 35
715 26
716 35
717 26
718 41
719 41
720 41
721 9
722 2
723 12
724 2
725 2
726 12
727 2
728 45
729 9
730 2
731 71
732 71
733 71
734 71
735 74
736 71
737 71
738 74
739 74
740 74
741 25
742 25
743 25
744 25
745 25
746 25
747 25
748 36
749 25
750 25
751 76
752 76
753 76
754 76
755 76
756 46
757 18
758 18
759 13
760 76
761 77
762 2
763 2
764 77
765 2
766 2
767 5
768 73
769 73
770 12
771 40
772 1
773 78
774 40
775 78
776 40
777 78
778 78
779 40
780 1
781 27
782 54
783 35
784 27
785 14
786 27
787 54
788 35
789 27
790 27
791 35
792 20
793 10
794 20
795 20
796 10
797 20
798 20
799 20
800 20
