66
79
30
48
56
43
73
33
63
11
37
59 44
24
62
29
7
32 71 74 68
42
8
27
51
41 72
31 22
55 47 49 35
13
15 28 67
18 76
12 61
23 77
16 57 50
17 65 46 69
38
40 78 64 34
4 3 39 26
14 60 54 53 80
70 45 58
20 52
10 36 25 75
1 9 5
6

1 30
2 30
3 30
4 30
5 30
6 30
7 30
8 30
9 30
10 56
11 73
12 73
13 73
14 73
15 73
16 73
17 73
18 73
19 73
20 73
21 13
22 69
23 4
24 4
25 13
26 13
27 4
28 3
29 13
30 13
31 4
32 69
33 13
34 76
35 69
36 69
37 62
38 4
39 13
40 13
41 73
42 73
43 66
44 73
45 73
46 73
47 73
48 73
49 73
50 73
51 42
52 42
53 63
54 63
55 42
56 42
57 70
58 42
59 7
60 42
61 7
62 7
63 7
64 7
65 7
66 7
67 7
68 7
69 59
70 59
71 8
72 8
73 8
74 8
75 27
76 27
77 27
78 27
79 27
80 27
81 31
82 22
83 31
84 22
85 9
86 9
87 70
88 31
89 22
90 28
91 42
92 51
93 27
94 27
95 27
96 51
97 51
98 51
99 41
100 51
101 11
102 11
103 11
104 11
105 11
106 32
107 32
108 32
109 32
110 32
111 43
112 12
113 12
114 43
115 43
116 28
117 12
118 12
119 12
120 28
121 13
122 13
123 69
124 69
125 48
126 69
127 69
128 13
129 62
130 13
131 79
132 11
133 14
134 14
135 11
136 79
137 11
138 14
139 79
140 14
141 15
142 15
143 15
144 15
145 15
146 15
147 15
148 15
149 15
150 15
151 37
152 16
153 37
154 16
155 16
156 37
157 37
158 16
159 37
160 16
161 17
162 17
163 62
164 62
165 62
166 62
167 18
168 62
169 17
170 62
171 24
172 24
173 24
174 24
175 24
176 66
177 24
178 24
179 24
180 18
181 66
182 66
183 66
184 66
185 66
186 66
187 66
188 66
189 66
190 76
191 42
192 42
193 80
194 42
195 14
196 42
197 59
198 51
199 42
200 51
201 42
202 7
203 7
204 7
205 7
206 7
207 42
208 42
209 42
210 42
211 22
212 31
213 31
214 31
215 31
216 31
217 31
218 31
219 31
220 31
221 29
222 43
223 29
224 29
225 29
226 43
227 29
228 29
229 29
230 12
231 24
232 24
233 24
234 24
235 24
236 24
237 24
238 24
239 24
240 24
241 25
242 25
243 55
244 55
245 25
246 25
247 25
248 25
249 25
250 25
251 41
252 41
253 26
254 48
255 63
256 8
257 48
258 48
259 48
260 63
261 8
262 79
263 79
264 8
265 8
266 79
267 79
268 79
269 8
270 79
271 28
272 29
273 28
274 29
275 28
276 28
277 28
278 28
279 28
280 15
281 66
282 73
283 29
284 73
285 43
286 43
287 43
288 29
289 73
290 66
291 30
292 30
293 30
294 30
295 30
296 30
297 30
298 30
299 30
300 30
301 31
302 30
303 30
304 30
305 31
306 31
307 31
308 31
309 31
310 31
311 11
312 11
313 32
314 11
315 11
316 11
317 11
318 11
319 32
320 11
321 33
322 33
323 33
324 33
325 33
326 33
327 33
328 33
329 33
330 33
331 56
332 50
333 56
334 56
335 56
336 56
337 56
338 56
339 56
340 56
341 27
342 27
343 27
344 27
345 41
346 27
347 27
348 27
349 51
350 41
351 27
352 36
353 27
354 36
355 27
356 72
357 36
358 36
359 72
360 36
361 37
362 37
363 37
364 37
365 37
366 74
367 16
368 16
369 16
370 74
371 76
372 38
373 24
374 12
375 38
376 61
377 24
378 38
379 12
380 76
381 69
382 41
383 39
384 48
385 13
386 48
387 48
388 48
389 48
390 48
391 44
392 44
393 44
394 40
395 40
396 37
397 40
398 59
399 37
400 37
401 41
402 27
403 8
404 41
405 48
406 41
407 8
408 8
409 8
410 8
411 63
412 63
413 42
414 42
415 63
416 63
417 63
418 63
419 42
420 63
421 43
422 66
423 43
424 43
425 43
426 43
427 43
428 43
429 43
430 43
431 59
432 59
433 59
434 59
435 40
436 59
437 40
438 7
439 40
440 59
441 70
442 7
443 31
444 31
445 7
446 7
447 7
448 7
449 70
450 70
451 62
452 62
453 62
454 62
455 62
456 24
457 17
458 62
459 13
460 17
461 55
462 8
463 8
464 27
465 27
466 8
467 8
468 8
469 8
470 8
471 48
472 48
473 48
474 48
475 48
476 48
477 48
478 48
479 48
480 48
481 27
482 51
483 51
484 51
485 41
486 51
487 8
488 51
489 51
490 51
491 50
492 50
493 50
494 50
495 50
496 50
497 50
498 50
499 50
500 50
501 51
502 51
503 51
504 51
505 51
506 51
507 49
508 8
509 80
510 41
511 80
512 7
513 63
514 80
515 63
516 63
517 63
518 59
519 7
520 63
521 79
522 79
523 54
524 33
525 33
526 79
527 33
528 33
529 79
530 60
531 54
532 14
533 79
534 14
535 79
536 79
537 54
538 33
539 33
540 54
541 33
542 33
543 8
544 33
545 33
546 33
547 33
548 33
549 8
550 33
551 56
552 56
553 56
554 30
555 56
556 30
557 56
558 30
559 56
560 56
561 37
562 16
563 16
564 16
565 57
566 37
567 37
568 37
569 37
570 37
571 70
572 7
573 7
574 42
575 70
576 45
577 45
578 58
579 45
580 45
581 59
582 59
583 59
584 59
585 59
586 59
587 59
588 59
589 59
590 59
591 11
592 14
593 14
594 11
595 55
596 14
597 14
598 11
599 14
600 60
601 29
602 43
603 43
604 29
605 29
606 29
607 43
608 67
609 43
610 43
611 13
612 13
613 13
614 48
615 13
616 18
617 17
618 13
619 17
620 17
621 42
622 26
623 42
624 51
625 42
626 42
627 51
628 51
629 52
630 6
631 40
632 40
633 78
634 78
635 78
636 40
637 78
638 64
639 40
640 56
641 17
642 62
643 17
644 62
645 62
646 62
647 62
648 17
649 62
650 62
651 66
652 66
653 66
654 66
655 66
656 66
657 66
658 66
659 66
660 66
661 43
662 28
663 29
664 28
665 29
666 43
667 29
668 29
669 29
670 43
671 16
672 68
673 68
674 71
675 16
676 37
677 74
678 37
679 71
680 68
681 62
682 13
683 62
684 13
685 48
686 62
687 13
688 62
689 13
690 13
691 73
692 70
693 70
694 7
695 70
696 70
697 77
698 70
699 70
700 70
701 11
702 11
703 11
704 37
705 71
706 11
707 71
708 11
709 71
710 71
711 48
712 41
713 27
714 27
715 41
716 41
717 41
718 41
719 41
720 41
721 77
722 29
723 29
724 29
725 77
726 29
727 23
728 70
729 77
730 29
731 71
732 71
733 71
734 71
735 37
736 71
737 37
738 74
739 11
740 37
741 25
742 25
743 25
744 25
745 25
746 25
747 25
748 36
749 25
750 25
751 24
752 24
753 24
754 24
755 18
756 18
757 18
758 18
759 13
760 76
761 12
762 77
763 77
764 77
765 23
766 28
767 12
768 73
769 73
770 66
771 56
772 56
773 56
774 44
775 56
776 40
777 56
778 56
779 40
780 56
781 79
782 79
783 79
784 79
785 79
786 79
787 79
788 79
789 79
790 33
791 63
792 63
793 63
794 63
795 63
796 63
797 51
798 63
799 63
800 63
