75
35
61
71
17
2
69
73
25
76
63
49
15
66
16
32 38 59 74 43 33 57 29
72 39 48 67
20

1 75
2 75
3 35
4 75
5 75
6 75
7 75
8 75
9 75
10 75
11 35
12 75
13 75
14 35
15 35
16 75
17 75
18 75
19 75
20 35
21 75
22 75
23 75
24 75
25 75
26 75
27 75
28 75
29 75
30 75
31 35
32 35
33 35
34 35
35 35
36 35
37 25
38 35
39 35
40 35
41 35
42 35
43 25
44 35
45 25
46 35
47 35
48 35
49 35
50 35
51 35
52 35
53 35
54 61
55 61
56 61
57 61
58 61
59 69
60 61
61 61
62 61
63 61
64 61
65 61
66 61
67 61
68 61
69 61
70 17
71 61
72 61
73 61
74 61
75 61
76 61
77 61
78 61
79 61
80 61
81 71
82 71
83 17
84 71
85 71
86 25
87 71
88 71
89 71
90 71
91 71
92 71
93 71
94 71
95 71
96 71
97 17
98 17
99 71
100 71
101 71
102 71
103 71
104 71
105 71
106 71
107 17
108 71
109 71
110 71
111 17
112 17
113 17
114 17
115 17
116 17
117 17
118 17
119 63
120 17
121 17
122 25
123 17
124 17
125 17
126 17
127 17
128 17
129 17
130 17
131 17
132 17
133 2
134 2
135 2
136 2
137 2
138 2
139 2
140 2
141 2
142 2
143 2
144 2
145 2
146 2
147 2
148 2
149 2
150 2
151 2
152 2
153 2
154 2
155 2
156 2
157 2
158 69
159 69
160 69
161 69
162 69
163 69
164 25
165 69
166 25
167 69
168 69
169 69
170 69
171 69
172 69
173 69
174 73
175 69
176 69
177 69
178 69
179 69
180 69
181 73
182 69
183 69
184 69
185 69
186 73
187 73
188 73
189 73
190 73
191 73
192 73
193 73
194 73
195 73
196 73
197 73
198 73
199 73
200 73
201 73
202 73
203 25
204 49
205 73
206 73
207 73
208 73
209 73
210 73
211 25
212 25
213 25
214 25
215 25
216 25
217 25
218 76
219 25
220 25
221 25
222 25
223 25
224 25
225 25
226 76
227 63
228 25
229 76
230 25
231 25
232 76
233 76
234 76
235 76
236 76
237 76
238 76
239 76
240 76
241 76
242 76
243 76
244 76
245 76
246 76
247 76
248 49
249 76
250 49
251 76
252 76
253 76
254 76
255 76
256 63
257 63
258 63
259 63
260 63
261 63
262 63
263 63
264 63
265 63
266 63
267 63
268 63
269 63
270 63
271 63
272 63
273 63
274 63
275 63
276 63
277 63
278 63
279 49
280 49
281 49
282 66
283 49
284 49
285 49
286 49
287 49
288 49
289 49
290 49
291 49
292 49
293 49
294 49
295 49
296 49
297 49
298 49
299 49
300 15
301 49
302 49
303 15
304 15
305 15
306 15
307 15
308 15
309 15
310 15
311 16
312 15
313 15
314 16
315 15
316 15
317 15
318 15
319 15
320 15
321 15
322 15
323 15
324 15
325 15
326 15
327 15
328 15
329 66
330 66
331 66
332 66
333 66
334 66
335 66
336 66
337 16
338 16
339 16
340 16
341 16
342 16
343 16
344 16
345 16
346 16
347 16
348 16
349 16
350 16
351 16
352 72
353 16
354 16
355 16
356 72
357 16
358 16
359 16
360 16
361 32
362 32
363 20
364 32
365 32
366 32
367 32
368 32
369 32
370 32
371 32
372 32
373 32
374 32
375 32
376 32
377 32
378 32
379 32
380 32
381 38
382 32
383 32
384 66
385 66
386 66
387 66
388 66
389 66
390 66
391 66
392 66
393 66
394 16
395 66
396 66
397 66
398 66
399 66
400 66
