6
33
7
36
68
18
27
9 77 73 60 79 80 58 31 29 71
37

1 6
2 6
3 6
4 6
5 6
6 6
7 6
8 6
9 6
10 6
11 6
12 6
13 6
14 6
15 6
16 6
17 6
18 6
19 68
20 6
21 6
22 6
23 6
24 6
25 6
26 6
27 6
28 6
29 6
30 6
31 6
32 6
33 6
34 6
35 6
36 6
37 6
38 6
39 33
40 6
41 6
42 6
43 6
44 7
45 6
46 68
47 6
48 68
49 6
50 6
51 7
52 6
53 6
54 6
55 6
56 6
57 33
58 33
59 33
60 33
61 33
62 33
63 33
64 33
65 33
66 33
67 33
68 33
69 33
70 33
71 33
72 33
73 33
74 33
75 33
76 33
77 33
78 33
79 33
80 33
81 33
82 33
83 33
84 33
85 33
86 33
87 33
88 33
89 33
90 33
91 33
92 33
93 33
94 33
95 33
96 33
97 33
98 33
99 33
100 33
101 33
102 68
103 68
104 33
105 33
106 33
107 33
108 7
109 36
110 7
111 7
112 7
113 7
114 7
115 7
116 37
117 7
118 7
119 7
120 36
121 7
122 7
123 7
124 7
125 7
126 7
127 7
128 7
129 7
130 7
131 7
132 7
133 7
134 7
135 7
136 36
137 7
138 7
139 7
140 7
141 7
142 7
143 7
144 7
145 7
146 7
147 7
148 7
149 7
150 7
151 7
152 7
153 7
154 7
155 36
156 7
157 7
158 7
159 7
160 36
161 7
162 36
163 36
164 36
165 36
166 36
167 36
168 36
169 36
170 36
171 68
172 36
173 36
174 36
175 36
176 36
177 36
178 36
179 36
180 36
181 18
182 18
183 36
184 36
185 36
186 36
187 36
188 36
189 36
190 36
191 36
192 36
193 36
194 68
195 36
196 36
197 36
198 36
199 36
200 36
201 36
202 36
203 36
204 36
205 68
206 36
207 68
208 36
209 36
210 36
211 18
212 36
213 36
214 68
215 68
216 68
217 68
218 18
219 18
220 68
221 68
222 68
223 68
224 68
225 68
226 68
227 68
228 68
229 68
230 68
231 68
232 68
233 68
234 68
235 68
236 68
237 68
238 68
239 68
240 68
241 68
242 68
243 68
244 68
245 68
246 68
247 68
248 68
249 68
250 68
251 68
252 68
253 68
254 68
255 68
256 68
257 18
258 18
259 18
260 18
261 18
262 18
263 18
264 18
265 18
266 18
267 18
268 18
269 18
270 18
271 18
272 18
273 18
274 18
275 18
276 18
277 18
278 18
279 18
280 18
281 18
282 18
283 18
284 18
285 18
286 18
287 18
288 18
289 18
290 18
291 18
292 18
293 18
294 18
295 18
296 18
297 18
298 18
299 18
300 27
301 18
302 18
303 27
304 27
305 9
306 27
307 27
308 27
309 27
310 27
311 27
312 58
313 27
314 27
315 27
316 27
317 27
318 27
319 27
320 27
321 27
322 27
323 27
324 27
325 27
326 27
327 27
328 27
329 27
330 27
331 79
332 27
333 27
334 27
335 27
336 27
337 27
338 58
339 27
340 27
341 37
342 27
343 9
344 9
345 9
346 9
347 37
348 9
349 9
350 9
351 9
352 9
353 9
354 9
355 9
356 9
357 9
358 9
359 9
360 9
361 9
362 9
363 9
364 9
365 9
366 9
367 9
368 9
369 31
370 9
371 9
372 9
373 9
374 9
375 9
376 37
377 37
378 9
379 37
380 9
381 9
382 9
383 9
384 27
385 27
386 9
387 27
388 9
389 27
390 27
391 27
392 27
393 27
394 27
395 9
396 27
397 27
398 27
399 27
400 27
