45 65 42 48 60
6 7 57 54
63
20 52 44
5 26 24 62
56 72
34 69
15 33 75 70
58 66 61 78 59 49
11 73 64
4 67 37 21 12
71 43 53 38 68
10 36 31 17 32
8 30 51 79 40
2 19 47
23 14 22 50 28
55 39 41 76
1 25 80
16 35 18 29 27
3 77 74
13 9 46

1 56
2 1
3 1
4 1
5 1
6 72
7 1
8 1
9 1
10 1
11 2
12 2
13 2
14 2
15 2
16 2
17 2
18 2
19 2
20 2
21 7
22 3
23 3
24 3
25 3
26 3
27 3
28 3
29 3
30 3
31 4
32 4
33 4
34 4
35 4
36 4
37 4
38 63
39 4
40 4
41 5
42 5
43 5
44 5
45 5
46 5
47 5
48 5
49 5
50 5
51 6
52 6
53 6
54 6
55 6
56 6
57 6
58 6
59 6
60 6
61 7
62 7
63 7
64 7
65 7
66 6
67 7
68 7
69 6
70 6
71 8
72 8
73 8
74 8
75 8
76 8
77 8
78 8
79 8
80 8
81 9
82 9
83 9
84 28
85 28
86 9
87 9
88 9
89 9
90 9
91 10
92 10
93 10
94 10
95 10
96 10
97 10
98 10
99 10
100 10
101 11
102 11
103 11
104 11
105 11
106 11
107 11
108 11
109 11
110 11
111 12
112 12
113 12
114 12
115 12
116 12
117 12
118 12
119 12
120 35
121 80
122 13
123 80
124 13
125 13
126 13
127 13
128 13
129 80
130 80
131 47
132 47
133 23
134 47
135 14
136 14
137 14
138 47
139 47
140 14
141 15
142 15
143 15
144 15
145 15
146 15
147 15
148 15
149 15
150 15
151 76
152 16
153 76
154 16
155 16
156 41
157 16
158 76
159 76
160 16
161 17
162 17
163 17
164 17
165 17
166 17
167 17
168 17
169 17
170 17
171 18
172 70
173 70
174 70
175 70
176 70
177 18
178 70
179 70
180 70
181 19
182 19
183 19
184 19
185 19
186 19
187 19
188 19
189 19
190 19
191 20
192 20
193 20
194 20
195 20
196 20
197 20
198 20
199 20
200 20
201 21
202 21
203 21
204 21
205 21
206 21
207 21
208 37
209 37
210 21
211 47
212 47
213 23
214 47
215 47
216 47
217 23
218 47
219 47
220 47
221 23
222 49
223 23
224 23
225 47
226 23
227 23
228 23
229 23
230 23
231 26
232 26
233 24
234 24
235 26
236 26
237 5
238 26
239 5
240 5
241 25
242 72
243 34
244 72
245 25
246 25
247 72
248 25
249 72
250 25
251 5
252 5
253 26
254 5
255 5
256 26
257 5
258 26
259 5
260 26
261 27
262 27
263 27
264 27
265 27
266 27
267 27
268 27
269 27
270 27
271 28
272 28
273 28
274 28
275 28
276 28
277 28
278 28
279 28
280 28
281 29
282 29
283 29
284 29
285 29
286 29
287 29
288 29
289 29
290 29
291 30
292 30
293 30
294 30
295 30
296 30
297 30
298 8
299 30
300 30
301 31
302 48
303 60
304 31
305 60
306 60
307 31
308 31
309 31
310 31
311 74
312 74
313 74
314 74
315 17
316 74
317 17
318 74
319 74
320 32
321 15
322 33
323 15
324 15
325 33
326 15
327 33
328 15
329 15
330 15
331 34
332 34
333 34
334 34
335 34
336 34
337 34
338 34
339 34
340 34
341 12
342 35
343 12
344 35
345 35
346 35
347 35
348 35
349 35
350 35
351 36
352 36
353 36
354 10
355 36
356 36
357 36
358 10
359 10
360 36
361 67
362 67
363 37
364 37
365 37
366 37
367 67
368 67
369 37
370 37
371 38
372 38
373 38
374 38
375 38
376 38
377 38
378 38
379 38
380 38
381 55
382 55
383 55
384 39
385 55
386 55
387 55
388 55
389 39
390 55
391 40
392 40
393 40
394 40
395 40
396 40
397 46
398 46
399 40
400 40
401 41
402 41
403 41
404 41
405 41
406 41
407 41
408 41
409 41
410 41
411 65
412 42
413 42
414 42
415 65
416 65
417 42
418 42
419 42
420 65
421 43
422 43
423 43
424 43
425 43
426 43
427 43
428 71
429 43
430 43
431 20
432 20
433 20
434 52
435 20
436 44
437 44
438 44
439 44
440 44
441 45
442 45
443 45
444 45
445 45
446 45
447 45
448 45
449 45
450 45
451 46
452 46
453 46
454 46
455 46
456 46
457 46
458 40
459 40
460 40
461 19
462 47
463 47
464 47
465 47
466 47
467 19
468 19
469 47
470 47
471 48
472 48
473 48
474 48
475 48
476 48
477 48
478 48
479 48
480 48
481 49
482 49
483 49
484 49
485 49
486 23
487 23
488 49
489 49
490 49
491 50
492 50
493 50
494 50
495 50
496 50
497 50
498 50
499 50
500 50
501 51
502 51
503 51
504 51
505 51
506 51
507 51
508 30
509 51
510 30
511 20
512 20
513 52
514 20
515 20
516 20
517 20
518 20
519 20
520 20
521 43
522 43
523 53
524 53
525 43
526 53
527 53
528 53
529 53
530 53
531 7
532 7
533 7
534 7
535 3
536 54
537 7
538 7
539 7
540 7
541 55
542 55
543 55
544 55
545 55
546 55
547 55
548 55
549 55
550 55
551 56
552 56
553 56
554 56
555 56
556 56
557 56
558 56
559 56
560 56
561 7
562 57
563 7
564 7
565 7
566 7
567 7
568 57
569 7
570 7
571 58
572 58
573 58
574 7
575 7
576 7
577 57
578 7
579 7
580 58
581 59
582 78
583 59
584 59
585 59
586 59
587 59
588 59
589 59
590 59
591 60
592 60
593 60
594 60
595 48
596 31
597 31
598 31
599 31
600 31
601 66
602 66
603 66
604 61
605 61
606 61
607 61
608 61
609 61
610 61
611 62
612 62
613 62
614 24
615 62
616 62
617 62
618 62
619 62
620 62
621 63
622 63
623 63
624 63
625 63
626 63
627 63
628 63
629 63
630 63
631 73
632 73
633 73
634 73
635 64
636 73
637 73
638 73
639 73
640 73
641 65
642 65
643 65
644 65
645 65
646 65
647 65
648 65
649 65
650 65
651 66
652 66
653 57
654 66
655 66
656 66
657 57
658 66
659 66
660 7
661 4
662 67
663 67
664 4
665 67
666 4
667 67
668 4
669 67
670 4
671 68
672 68
673 38
674 68
675 38
676 68
677 68
678 68
679 16
680 68
681 69
682 69
683 69
684 69
685 69
686 69
687 69
688 69
689 69
690 69
691 70
692 70
693 70
694 70
695 70
696 70
697 70
698 70
699 70
700 70
701 71
702 71
703 71
704 71
705 71
706 71
707 71
708 71
709 71
710 71
711 56
712 56
713 72
714 56
715 56
716 56
717 72
718 72
719 56
720 56
721 73
722 73
723 73
724 73
725 73
726 11
727 73
728 11
729 11
730 73
731 74
732 32
733 74
734 74
735 74
736 32
737 32
738 32
739 17
740 17
741 33
742 33
743 33
744 33
745 75
746 33
747 75
748 33
749 75
750 33
751 41
752 41
753 76
754 76
755 41
756 41
757 41
758 41
759 76
760 41
761 3
762 3
763 3
764 3
765 3
766 3
767 3
768 77
769 3
770 57
771 78
772 78
773 78
774 78
775 78
776 78
777 78
778 78
779 78
780 78
781 79
782 79
783 79
784 79
785 79
786 79
787 79
788 79
789 8
790 65
791 80
792 80
793 80
794 80
795 80
796 80
797 80
798 53
799 80
800 80
