64
5
72
17
15
58
2
14
50
21
18
34
7
44
49
66
75
39
27
48
57
61
25
1
30
68
74
71
76
23
31
4 29
54 79 52
46

1 5
2 64
3 64
4 64
5 64
6 64
7 64
8 64
9 64
10 64
11 64
12 5
13 64
14 64
15 64
16 64
17 64
18 64
19 64
20 64
21 64
22 64
23 64
24 64
25 64
26 2
27 64
28 64
29 5
30 5
31 5
32 5
33 5
34 5
35 5
36 5
37 5
38 5
39 17
40 5
41 5
42 5
43 5
44 5
45 5
46 5
47 5
48 5
49 5
50 5
51 5
52 5
53 72
54 72
55 72
56 72
57 72
58 21
59 72
60 72
61 72
62 72
63 72
64 72
65 72
66 72
67 72
68 15
69 72
70 72
71 72
72 72
73 72
74 72
75 72
76 72
77 72
78 72
79 72
80 17
81 14
82 17
83 17
84 17
85 17
86 17
87 17
88 17
89 17
90 17
91 2
92 17
93 17
94 17
95 17
96 17
97 58
98 17
99 17
100 17
101 17
102 17
103 7
104 17
105 17
106 14
107 17
108 17
109 15
110 15
111 15
112 15
113 15
114 15
115 15
116 15
117 15
118 15
119 15
120 15
121 15
122 15
123 15
124 15
125 15
126 15
127 15
128 15
129 15
130 15
131 15
132 15
133 58
134 2
135 58
136 58
137 58
138 58
139 58
140 58
141 58
142 58
143 58
144 58
145 58
146 58
147 58
148 58
149 58
150 58
151 58
152 58
153 58
154 58
155 58
156 58
157 58
158 2
159 2
160 2
161 2
162 2
163 2
164 2
165 2
166 2
167 2
168 2
169 2
170 2
171 2
172 2
173 14
174 21
175 2
176 2
177 2
178 2
179 2
180 2
181 2
182 14
183 14
184 14
185 14
186 14
187 14
188 14
189 14
190 14
191 21
192 14
193 14
194 14
195 14
196 14
197 14
198 14
199 50
200 50
201 14
202 14
203 14
204 50
205 14
206 14
207 14
208 50
209 50
210 50
211 50
212 50
213 50
214 50
215 50
216 50
217 50
218 50
219 50
220 50
221 50
222 50
223 50
224 50
225 50
226 50
227 50
228 50
229 50
230 21
231 21
232 21
233 21
234 21
235 21
236 21
237 21
238 21
239 21
240 21
241 7
242 21
243 21
244 21
245 21
246 21
247 21
248 21
249 21
250 21
251 21
252 21
253 18
254 18
255 18
256 18
257 18
258 18
259 18
260 18
261 18
262 18
263 18
264 18
265 18
266 18
267 18
268 18
269 18
270 18
271 18
272 18
273 7
274 18
275 18
276 18
277 18
278 18
279 7
280 34
281 34
282 34
283 34
284 34
285 34
286 34
287 34
288 7
289 34
290 34
291 34
292 34
293 34
294 34
295 34
296 34
297 34
298 34
299 34
300 7
301 34
302 34
303 34
304 34
305 34
306 7
307 34
308 7
309 7
310 7
311 44
312 49
313 7
314 7
315 7
316 7
317 44
318 7
319 7
320 7
321 7
322 7
323 7
324 44
325 7
326 7
327 7
328 7
329 7
330 44
331 44
332 49
333 44
334 44
335 44
336 46
337 44
338 44
339 44
340 44
341 44
342 44
343 44
344 49
345 49
346 44
347 44
348 44
349 44
350 44
351 44
352 44
353 44
354 44
355 44
356 49
357 49
358 49
359 49
360 49
361 49
362 49
363 49
364 49
365 49
366 49
367 49
368 49
369 49
370 49
371 49
372 49
373 46
374 49
375 49
376 46
377 49
378 49
379 46
380 66
381 66
382 66
383 66
384 66
385 66
386 66
387 66
388 66
389 66
390 66
391 75
392 66
393 46
394 66
395 66
396 4
397 23
398 66
399 66
400 66
401 66
402 66
403 66
404 66
405 66
406 66
407 66
408 23
409 66
410 75
411 75
412 75
413 75
414 75
415 75
416 75
417 75
418 75
419 75
420 75
421 75
422 75
423 75
424 75
425 75
426 75
427 75
428 75
429 75
430 75
431 75
432 75
433 75
434 76
435 76
436 76
437 76
438 76
439 76
440 76
441 76
442 76
443 76
444 76
445 76
446 76
447 76
448 23
449 23
450 76
451 23
452 23
453 23
454 23
455 23
456 23
457 31
458 23
459 23
460 23
461 23
462 23
463 23
464 23
465 23
466 23
467 23
468 23
469 31
470 23
471 31
472 31
473 31
474 31
475 31
476 31
477 31
478 31
479 31
480 31
481 31
482 31
483 46
484 31
485 31
486 31
487 31
488 31
489 31
490 31
491 31
492 31
493 31
494 4
495 4
496 4
497 4
498 4
499 4
500 54
501 4
502 4
503 4
504 4
505 4
506 4
507 4
508 4
509 4
510 4
511 4
512 39
513 39
514 39
515 39
516 39
517 39
518 39
519 39
520 39
521 39
522 39
523 39
524 39
525 39
526 39
527 39
528 39
529 39
530 57
531 39
532 39
533 39
534 39
535 39
536 39
537 39
538 27
539 27
540 27
541 27
542 27
543 27
544 61
545 27
546 57
547 27
548 27
549 27
550 27
551 27
552 27
553 27
554 27
555 27
556 27
557 27
558 27
559 27
560 27
561 27
562 57
563 48
564 27
565 27
566 27
567 57
568 48
569 48
570 48
571 48
572 48
573 48
574 48
575 48
576 48
577 48
578 48
579 48
580 48
581 48
582 48
583 48
584 48
585 48
586 48
587 48
588 48
589 48
590 76
591 48
592 48
593 57
594 57
595 57
596 57
597 57
598 57
599 57
600 57
601 57
602 57
603 57
604 57
605 57
606 57
607 57
608 57
609 57
610 57
611 61
612 57
613 25
614 57
615 57
616 61
617 61
618 61
619 71
620 61
621 61
622 61
623 61
624 61
625 61
626 61
627 61
628 61
629 61
630 61
631 61
632 61
633 61
634 61
635 61
636 61
637 61
638 61
639 61
640 25
641 25
642 25
643 68
644 25
645 25
646 25
647 25
648 25
649 25
650 25
651 25
652 25
653 25
654 25
655 25
656 25
657 25
658 25
659 25
660 30
661 25
662 25
663 25
664 25
665 25
666 1
667 1
668 1
669 1
670 1
671 1
672 1
673 1
674 1
675 1
676 1
677 1
678 1
679 1
680 1
681 1
682 1
683 1
684 1
685 1
686 1
687 74
688 1
689 1
690 74
691 1
692 1
693 30
694 30
695 30
696 30
697 30
698 30
699 30
700 30
701 30
702 30
703 30
704 30
705 30
706 30
707 30
708 30
709 30
710 30
711 30
712 30
713 30
714 30
715 30
716 30
717 68
718 68
719 68
720 68
721 68
722 68
723 68
724 68
725 68
726 68
727 74
728 68
729 68
730 68
731 68
732 68
733 68
734 68
735 68
736 68
737 68
738 68
739 68
740 68
741 68
742 74
743 74
744 74
745 74
746 74
747 74
748 74
749 74
750 74
751 71
752 74
753 74
754 74
755 74
756 74
757 74
758 74
759 74
760 74
761 74
762 74
763 74
764 74
765 71
766 31
767 71
768 71
769 71
770 71
771 71
772 71
773 71
774 71
775 71
776 71
777 71
778 71
779 23
780 71
781 71
782 71
783 23
784 71
785 71
786 71
787 71
788 71
789 71
790 71
791 76
792 76
793 76
794 76
795 76
796 76
797 23
798 76
799 76
800 76
