20 15 80 64
23 66
75 56 67
9 42
51
3 55 71 57 36
11
68
6 34
7 27 78
70 47 61 79
25 58
63
39 26
45 24
29 54
76 62 48 74
33 31 41 50
18 60 77
46
72 40 21 69
16 43 65
4 12
28 49
32 52
8 19 53 59 73 44 38 37
13
17
1 2 5 35
10

1 36
2 46
3 71
4 1
5 46
6 57
7 55
8 57
9 57
10 46
11 34
12 34
13 6
14 6
15 34
16 75
17 67
18 6
19 6
20 6
21 3
22 3
23 3
24 3
25 3
26 3
27 3
28 3
29 3
30 3
31 34
32 34
33 34
34 6
35 6
36 34
37 6
38 6
39 6
40 4
41 11
42 24
43 11
44 11
45 24
46 11
47 5
48 11
49 11
50 11
51 6
52 6
53 6
54 6
55 6
56 6
57 6
58 6
59 6
60 6
61 7
62 7
63 7
64 7
65 7
66 7
67 7
68 7
69 7
70 7
71 25
72 72
73 8
74 25
75 21
76 72
77 72
78 8
79 8
80 72
81 9
82 9
83 9
84 9
85 9
86 9
87 9
88 9
89 9
90 9
91 27
92 68
93 27
94 27
95 27
96 68
97 27
98 16
99 68
100 78
101 11
102 11
103 11
104 11
105 11
106 11
107 11
108 79
109 26
110 45
111 6
112 6
113 6
114 6
115 6
116 6
117 67
118 75
119 6
120 6
121 24
122 24
123 13
124 24
125 54
126 13
127 54
128 13
129 13
130 24
131 68
132 68
133 68
134 68
135 68
136 68
137 68
138 10
139 68
140 68
141 20
142 15
143 15
144 20
145 20
146 15
147 20
148 20
149 20
150 20
151 27
152 31
153 51
154 50
155 51
156 51
157 51
158 27
159 16
160 51
161 24
162 11
163 24
164 34
165 11
166 24
167 24
168 24
169 24
170 54
171 54
172 18
173 54
174 24
175 18
176 18
177 18
178 18
179 26
180 18
181 74
182 21
183 51
184 74
185 21
186 74
187 74
188 74
189 74
190 74
191 20
192 20
193 20
194 20
195 20
196 20
197 20
198 20
199 20
200 20
201 40
202 21
203 72
204 72
205 40
206 21
207 21
208 72
209 72
210 72
211 63
212 63
213 7
214 63
215 7
216 63
217 63
218 7
219 7
220 63
221 80
222 80
223 23
224 80
225 64
226 23
227 80
228 23
229 80
230 23
231 24
232 26
233 45
234 24
235 26
236 24
237 24
238 24
239 24
240 24
241 25
242 25
243 25
244 25
245 25
246 25
247 25
248 25
249 75
250 25
251 39
252 39
253 39
254 11
255 11
256 11
257 11
258 39
259 39
260 11
261 7
262 7
263 7
264 27
265 7
266 7
267 7
268 7
269 7
270 27
271 25
272 28
273 72
274 28
275 18
276 72
277 25
278 25
279 28
280 25
281 29
282 29
283 6
284 29
285 29
286 6
287 6
288 29
289 29
290 29
291 68
292 68
293 68
294 68
295 68
296 68
297 68
298 68
299 68
300 68
301 23
302 7
303 7
304 66
305 7
306 23
307 66
308 23
309 66
310 23
311 51
312 51
313 21
314 51
315 51
316 51
317 51
318 51
319 51
320 51
321 23
322 7
323 7
324 7
325 33
326 33
327 66
328 7
329 33
330 23
331 6
332 6
333 6
334 67
335 67
336 6
337 67
338 54
339 6
340 6
341 11
342 11
343 13
344 11
345 11
346 11
347 11
348 11
349 79
350 11
351 71
352 57
353 71
354 57
355 57
356 57
357 57
358 57
359 55
360 71
361 54
362 54
363 11
364 24
365 11
366 11
367 24
368 24
369 24
370 18
371 26
372 24
373 24
374 24
375 39
376 26
377 18
378 24
379 26
380 24
381 39
382 61
383 39
384 39
385 39
386 11
387 39
388 39
389 39
390 39
391 39
392 39
393 72
394 72
395 40
396 72
397 39
398 40
399 39
400 40
401 7
402 31
403 66
404 31
405 80
406 23
407 23
408 7
409 80
410 7
411 9
412 48
413 9
414 9
415 48
416 9
417 9
418 9
419 9
420 9
421 43
422 51
423 51
424 51
425 51
426 16
427 51
428 51
429 51
430 51
431 59
432 59
433 39
434 20
435 44
436 70
437 61
438 20
439 59
440 20
441 11
442 11
443 11
444 11
445 70
446 70
447 11
448 11
449 11
450 39
451 46
452 46
453 56
454 56
455 46
456 46
457 46
458 46
459 46
460 46
461 70
462 70
463 70
464 70
465 70
466 70
467 70
468 70
469 70
470 70
471 48
472 9
473 48
474 9
475 48
476 9
477 9
478 9
479 9
480 9
481 18
482 4
483 18
484 18
485 25
486 18
487 25
488 54
489 18
490 4
491 23
492 80
493 31
494 23
495 80
496 23
497 7
498 51
499 23
500 31
501 51
502 51
503 51
504 51
505 51
506 51
507 51
508 51
509 51
510 51
511 51
512 69
513 51
514 21
515 51
516 51
517 51
518 51
519 74
520 21
521 21
522 40
523 40
524 53
525 53
526 40
527 40
528 40
529 53
530 40
531 54
532 6
533 54
534 54
535 34
536 34
537 54
538 34
539 34
540 54
541 3
542 3
543 3
544 9
545 55
546 55
547 55
548 3
549 9
550 3
551 75
552 75
553 56
554 75
555 56
556 75
557 75
558 56
559 75
560 56
561 9
562 55
563 57
564 55
565 55
566 55
567 55
568 55
569 55
570 57
571 25
572 25
573 25
574 58
575 25
576 25
577 25
578 25
579 25
580 25
581 39
582 39
583 39
584 40
585 39
586 39
587 39
588 39
589 40
590 39
591 24
592 18
593 11
594 18
595 26
596 39
597 26
598 24
599 24
600 18
601 70
602 70
603 70
604 70
605 70
606 70
607 70
608 61
609 70
610 70
611 9
612 42
613 42
614 42
615 9
616 76
617 9
618 76
619 9
620 9
621 63
622 63
623 63
624 63
625 63
626 63
627 63
628 63
629 63
630 7
631 80
632 80
633 64
634 50
635 51
636 51
637 80
638 80
639 50
640 80
641 43
642 74
643 51
644 48
645 74
646 48
647 68
648 74
649 65
650 51
651 23
652 23
653 23
654 23
655 23
656 80
657 23
658 23
659 23
660 23
661 75
662 75
663 75
664 75
665 67
666 67
667 56
668 75
669 75
670 75
671 68
672 68
673 68
674 68
675 68
676 68
677 68
678 68
679 68
680 68
681 74
682 21
683 21
684 8
685 51
686 21
687 51
688 21
689 21
690 51
691 70
692 70
693 70
694 70
695 70
696 70
697 70
698 70
699 70
700 70
701 55
702 9
703 55
704 55
705 55
706 55
707 9
708 9
709 55
710 55
711 72
712 72
713 72
714 72
715 72
716 39
717 72
718 39
719 72
720 39
721 39
722 39
723 39
724 39
725 39
726 59
727 39
728 39
729 39
730 39
731 9
732 74
733 74
734 74
735 42
736 74
737 42
738 9
739 42
740 74
741 75
742 75
743 75
744 75
745 75
746 75
747 75
748 75
749 75
750 75
751 9
752 9
753 76
754 9
755 25
756 76
757 9
758 9
759 9
760 58
761 24
762 11
763 45
764 24
765 11
766 24
767 45
768 54
769 11
770 11
771 51
772 51
773 51
774 16
775 27
776 27
777 27
778 27
779 27
780 27
781 70
782 11
783 70
784 11
785 11
786 79
787 11
788 70
789 70
790 11
791 80
792 15
793 80
794 80
795 80
796 20
797 80
798 15
799 80
800 80
