7
12
8
66
13
51
65
42
25
32
4
69
23
5
54
72 39 48 67 76 47 46 71 73 56 64
50

1 7
2 7
3 51
4 7
5 7
6 7
7 7
8 7
9 7
10 7
11 7
12 7
13 7
14 7
15 7
16 7
17 12
18 7
19 7
20 7
21 12
22 7
23 7
24 7
25 7
26 7
27 7
28 7
29 12
30 12
31 12
32 12
33 12
34 12
35 12
36 12
37 8
38 12
39 12
40 12
41 12
42 12
43 8
44 12
45 25
46 13
47 12
48 12
49 51
50 12
51 12
52 12
53 12
54 12
55 12
56 12
57 8
58 8
59 8
60 8
61 8
62 8
63 8
64 8
65 8
66 8
67 8
68 8
69 8
70 8
71 8
72 8
73 8
74 8
75 8
76 8
77 8
78 8
79 8
80 66
81 66
82 66
83 66
84 66
85 66
86 65
87 66
88 66
89 66
90 66
91 66
92 66
93 66
94 66
95 66
96 66
97 13
98 66
99 66
100 66
101 66
102 66
103 66
104 66
105 66
106 66
107 13
108 13
109 13
110 13
111 13
112 13
113 13
114 13
115 13
116 13
117 13
118 13
119 13
120 65
121 13
122 65
123 13
124 13
125 13
126 13
127 13
128 13
129 13
130 13
131 13
132 51
133 51
134 51
135 51
136 51
137 51
138 51
139 51
140 51
141 51
142 51
143 51
144 51
145 51
146 51
147 51
148 51
149 51
150 51
151 51
152 51
153 51
154 51
155 65
156 65
157 65
158 32
159 65
160 65
161 65
162 42
163 65
164 65
165 65
166 25
167 42
168 65
169 65
170 65
171 65
172 65
173 65
174 4
175 65
176 65
177 65
178 65
179 65
180 65
181 32
182 65
183 42
184 42
185 42
186 42
187 42
188 42
189 42
190 42
191 42
192 32
193 42
194 42
195 42
196 42
197 42
198 42
199 42
200 42
201 42
202 42
203 42
204 5
205 42
206 42
207 42
208 25
209 25
210 25
211 25
212 25
213 25
214 25
215 25
216 25
217 25
218 32
219 25
220 25
221 25
222 25
223 25
224 25
225 25
226 32
227 54
228 25
229 32
230 25
231 25
232 25
233 25
234 32
235 25
236 32
237 32
238 32
239 32
240 32
241 32
242 32
243 32
244 32
245 32
246 32
247 32
248 50
249 32
250 50
251 32
252 32
253 32
254 32
255 32
256 4
257 4
258 4
259 4
260 4
261 4
262 4
263 4
264 4
265 4
266 4
267 4
268 4
269 4
270 4
271 4
272 4
273 4
274 4
275 4
276 4
277 4
278 4
279 4
280 69
281 69
282 69
283 69
284 69
285 69
286 69
287 69
288 69
289 69
290 69
291 69
292 69
293 69
294 69
295 69
296 69
297 69
298 69
299 69
300 69
301 69
302 69
303 69
304 69
305 23
306 23
307 23
308 23
309 23
310 23
311 23
312 23
313 23
314 54
315 23
316 23
317 23
318 23
319 23
320 23
321 23
322 23
323 23
324 23
325 23
326 23
327 23
328 23
329 23
330 23
331 5
332 5
333 5
334 5
335 5
336 5
337 54
338 5
339 54
340 54
341 54
342 54
343 50
344 50
345 50
346 54
347 72
348 54
349 54
350 50
351 54
352 72
353 54
354 54
355 54
356 54
357 54
358 54
359 54
360 54
361 54
362 54
363 54
364 54
365 54
366 72
367 72
368 72
369 72
370 72
371 72
372 72
373 72
374 72
375 54
376 72
377 72
378 72
379 72
380 72
381 76
382 72
383 72
384 5
385 5
386 5
387 5
388 5
389 5
390 5
391 5
392 5
393 5
394 5
395 5
396 5
397 5
398 5
399 5
400 5
