60
3
63
74
68
17
77
29
42
25
73
28
36
7
48
8 78
39 59
32 52 41 75 40 51 35
4

1 60
2 60
3 60
4 60
5 60
6 60
7 60
8 63
9 60
10 60
11 60
12 60
13 63
14 60
15 60
16 60
17 60
18 60
19 60
20 60
21 60
22 60
23 60
24 60
25 60
26 60
27 60
28 60
29 3
30 60
31 60
32 60
33 60
34 60
35 60
36 60
37 60
38 60
39 60
40 60
41 60
42 60
43 60
44 60
45 3
46 60
47 60
48 60
49 60
50 60
51 3
52 60
53 60
54 60
55 60
56 3
57 3
58 3
59 3
60 3
61 3
62 3
63 3
64 3
65 3
66 3
67 3
68 63
69 3
70 3
71 3
72 3
73 3
74 3
75 3
76 3
77 3
78 3
79 3
80 3
81 3
82 3
83 3
84 3
85 3
86 68
87 3
88 3
89 3
90 3
91 3
92 3
93 3
94 3
95 3
96 3
97 3
98 3
99 3
100 3
101 3
102 3
103 3
104 3
105 63
106 63
107 63
108 63
109 68
110 63
111 63
112 7
113 63
114 63
115 63
116 63
117 63
118 63
119 63
120 63
121 63
122 63
123 63
124 63
125 63
126 63
127 63
128 63
129 63
130 68
131 63
132 63
133 63
134 63
135 63
136 63
137 63
138 63
139 63
140 63
141 63
142 63
143 63
144 63
145 63
146 63
147 63
148 63
149 63
150 63
151 63
152 63
153 63
154 63
155 74
156 74
157 74
158 74
159 74
160 74
161 74
162 74
163 74
164 74
165 74
166 74
167 68
168 74
169 74
170 74
171 74
172 74
173 74
174 74
175 74
176 74
177 74
178 74
179 74
180 74
181 74
182 74
183 77
184 74
185 74
186 74
187 17
188 74
189 74
190 74
191 77
192 74
193 68
194 74
195 74
196 74
197 68
198 74
199 74
200 74
201 74
202 74
203 74
204 74
205 74
206 74
207 74
208 74
209 74
210 74
211 68
212 68
213 68
214 68
215 68
216 68
217 68
218 68
219 68
220 68
221 68
222 7
223 68
224 68
225 68
226 68
227 68
228 17
229 17
230 68
231 68
232 68
233 68
234 68
235 68
236 68
237 68
238 68
239 68
240 68
241 68
242 68
243 68
244 68
245 68
246 68
247 68
248 68
249 68
250 17
251 17
252 68
253 68
254 68
255 68
256 68
257 68
258 68
259 68
260 17
261 77
262 17
263 17
264 17
265 17
266 17
267 17
268 17
269 17
270 17
271 17
272 17
273 17
274 17
275 17
276 17
277 17
278 17
279 17
280 17
281 17
282 17
283 17
284 17
285 17
286 17
287 17
288 17
289 17
290 17
291 17
292 17
293 17
294 17
295 17
296 17
297 17
298 17
299 17
300 17
301 17
302 17
303 17
304 17
305 17
306 77
307 77
308 77
309 77
310 77
311 77
312 77
313 77
314 77
315 77
316 77
317 48
318 77
319 77
320 77
321 77
322 77
323 77
324 77
325 77
326 77
327 77
328 77
329 77
330 29
331 77
332 77
333 77
334 77
335 77
336 77
337 77
338 77
339 77
340 77
341 77
342 77
343 77
344 42
345 77
346 77
347 77
348 77
349 77
350 77
351 77
352 77
353 77
354 77
355 77
356 29
357 29
358 29
359 29
360 29
361 48
362 29
363 29
364 29
365 29
366 29
367 4
368 29
369 29
370 29
371 29
372 29
373 29
374 48
375 29
376 29
377 29
378 29
379 29
380 29
381 29
382 29
383 29
384 48
385 29
386 29
387 29
388 48
389 29
390 29
391 29
392 29
393 29
394 29
395 29
396 29
397 29
398 29
399 29
400 29
401 29
402 29
403 29
404 29
405 48
406 29
407 29
408 29
409 29
410 29
411 42
412 42
413 42
414 42
415 42
416 42
417 42
418 42
419 42
420 42
421 42
422 42
423 42
424 42
425 42
426 42
427 42
428 42
429 42
430 42
431 42
432 42
433 42
434 42
435 42
436 42
437 42
438 42
439 42
440 48
441 42
442 42
443 42
444 42
445 42
446 42
447 42
448 42
449 42
450 42
451 42
452 42
453 42
454 42
455 42
456 42
457 42
458 48
459 42
460 42
461 42
462 48
463 48
464 48
465 48
466 48
467 48
468 48
469 48
470 48
471 48
472 8
473 8
474 8
475 8
476 8
477 8
478 8
479 8
480 8
481 8
482 32
483 8
484 8
485 8
486 8
487 8
488 8
489 8
490 8
491 8
492 8
493 8
494 8
495 8
496 8
497 8
498 8
499 8
500 8
501 39
502 8
503 8
504 41
505 8
506 8
507 8
508 8
509 39
510 8
511 32
512 25
513 25
514 25
515 25
516 73
517 25
518 25
519 25
520 25
521 25
522 25
523 25
524 25
525 25
526 25
527 25
528 25
529 25
530 7
531 73
532 25
533 25
534 25
535 25
536 52
537 7
538 25
539 25
540 7
541 25
542 25
543 25
544 25
545 25
546 25
547 25
548 25
549 25
550 25
551 25
552 25
553 73
554 25
555 8
556 25
557 25
558 25
559 25
560 25
561 25
562 25
563 25
564 25
565 25
566 25
567 25
568 25
569 25
570 73
571 73
572 73
573 73
574 73
575 73
576 73
577 73
578 73
579 73
580 73
581 73
582 73
583 73
584 73
585 73
586 73
587 7
588 73
589 73
590 73
591 73
592 73
593 73
594 73
595 73
596 73
597 73
598 73
599 48
600 73
601 73
602 73
603 73
604 73
605 73
606 73
607 73
608 73
609 73
610 73
611 73
612 73
613 32
614 73
615 73
616 7
617 73
618 73
619 73
620 73
621 28
622 28
623 28
624 28
625 28
626 28
627 28
628 28
629 28
630 28
631 28
632 28
633 28
634 28
635 28
636 28
637 28
638 28
639 28
640 28
641 28
642 28
643 28
644 28
645 28
646 28
647 28
648 28
649 28
650 7
651 28
652 28
653 28
654 28
655 28
656 28
657 28
658 28
659 28
660 28
661 28
662 28
663 59
664 28
665 28
666 28
667 28
668 28
669 28
670 28
671 28
672 28
673 36
674 32
675 36
676 36
677 36
678 36
679 36
680 36
681 36
682 36
683 36
684 36
685 36
686 36
687 36
688 36
689 36
690 36
691 36
692 36
693 36
694 36
695 36
696 36
697 36
698 36
699 32
700 36
701 7
702 36
703 36
704 36
705 36
706 7
707 36
708 7
709 36
710 36
711 36
712 36
713 36
714 36
715 36
716 36
717 36
718 36
719 36
720 36
721 36
722 36
723 36
724 36
725 36
726 36
727 7
728 36
729 7
730 7
731 7
732 7
733 7
734 7
735 7
736 7
737 7
738 7
739 7
740 7
741 7
742 7
743 7
744 7
745 7
746 32
747 7
748 48
749 7
750 7
751 7
752 7
753 7
754 7
755 7
756 7
757 7
758 7
759 7
760 7
761 7
762 7
763 7
764 7
765 7
766 7
767 7
768 7
769 48
770 48
771 48
772 48
773 48
774 48
775 48
776 48
777 48
778 48
779 48
780 48
781 48
782 48
783 48
784 48
785 48
786 48
787 48
788 48
789 48
790 48
791 48
792 48
793 48
794 35
795 48
796 48
797 41
798 48
799 48
800 48
