44
37
52
47
49
40
69
19
76
35
28
18
50 80
67
66
24 34
7 32 64
55 65 45 30 33
53 58
6 36 60 31 54 78
4 26 23 38 79
27 43 74
42 48 56 62 77
22 29 41 71 46 39
57 70
11 73 72 63 51
61
14 20 16 17 10 13 25
1 2 5 9 68 59
15

1 76
2 77
3 40
4 40
5 77
6 40
7 40
8 40
9 40
10 40
11 40
12 40
13 19
14 47
15 40
16 47
17 40
18 40
19 76
20 19
21 44
22 67
23 53
24 67
25 44
26 44
27 44
28 47
29 44
30 44
31 37
32 37
33 37
34 37
35 37
36 37
37 37
38 37
39 37
40 37
41 47
42 19
43 47
44 40
45 47
46 19
47 40
48 47
49 40
50 47
51 47
52 37
53 37
54 37
55 44
56 44
57 37
58 47
59 47
60 44
61 37
62 7
63 7
64 52
65 37
66 7
67 37
68 52
69 52
70 37
71 44
72 47
73 37
74 44
75 37
76 44
77 44
78 44
79 44
80 44
81 77
82 9
83 40
84 40
85 40
86 1
87 77
88 9
89 9
90 47
91 49
92 47
93 47
94 47
95 47
96 49
97 47
98 47
99 19
100 47
101 11
102 50
103 50
104 11
105 50
106 19
107 11
108 19
109 49
110 49
111 53
112 47
113 44
114 40
115 47
116 44
117 44
118 44
119 40
120 44
121 40
122 40
123 40
124 40
125 40
126 40
127 40
128 40
129 40
130 40
131 18
132 49
133 18
134 29
135 49
136 49
137 49
138 28
139 18
140 49
141 44
142 44
143 44
144 44
145 44
146 44
147 44
148 44
149 52
150 44
151 49
152 49
153 49
154 49
155 35
156 49
157 49
158 49
159 49
160 49
161 40
162 49
163 40
164 49
165 19
166 19
167 69
168 69
169 69
170 69
171 18
172 49
173 49
174 18
175 49
176 69
177 49
178 49
179 69
180 49
181 69
182 69
183 49
184 19
185 19
186 19
187 19
188 19
189 19
190 19
191 35
192 18
193 69
194 46
195 39
196 18
197 35
198 18
199 69
200 29
201 53
202 19
203 67
204 67
205 67
206 67
207 53
208 67
209 53
210 52
211 18
212 35
213 35
214 69
215 69
216 69
217 69
218 69
219 69
220 69
221 52
222 18
223 69
224 69
225 69
226 69
227 28
228 69
229 69
230 18
231 69
232 69
233 52
234 24
235 52
236 69
237 69
238 69
239 52
240 69
241 27
242 19
243 19
244 19
245 19
246 19
247 19
248 19
249 50
250 19
251 66
252 66
253 66
254 80
255 66
256 35
257 28
258 28
259 52
260 28
261 67
262 67
263 27
264 67
265 67
266 53
267 76
268 67
269 67
270 53
271 52
272 28
273 28
274 28
275 28
276 28
277 28
278 52
279 28
280 35
281 35
282 29
283 35
284 35
285 35
286 35
287 18
288 35
289 18
290 35
291 52
292 52
293 52
294 52
295 52
296 52
297 52
298 52
299 52
300 52
301 35
302 35
303 35
304 76
305 52
306 67
307 35
308 76
309 28
310 76
311 52
312 52
313 52
314 52
315 52
316 52
317 7
318 52
319 52
320 52
321 52
322 28
323 28
324 28
325 28
326 24
327 28
328 7
329 28
330 28
331 67
332 28
333 28
334 28
335 28
336 67
337 67
338 67
339 67
340 34
341 76
342 35
343 76
344 76
345 76
346 76
347 35
348 35
349 35
350 50
351 28
352 28
353 67
354 67
355 28
356 28
357 28
358 24
359 28
360 24
361 28
362 28
363 66
364 24
365 18
366 80
367 66
368 18
369 66
370 24
371 66
372 80
373 66
374 66
375 80
376 80
377 50
378 80
379 18
380 18
381 18
382 28
383 29
384 18
385 18
386 28
387 41
388 18
389 18
390 28
391 76
392 76
393 77
394 27
395 76
396 42
397 76
398 76
399 77
400 67
401 18
402 28
403 18
404 18
405 18
406 18
407 18
408 35
409 18
410 18
411 76
412 76
413 67
414 76
415 76
416 76
417 76
418 76
419 76
420 76
421 67
422 76
423 76
424 76
425 67
426 67
427 67
428 67
429 67
430 53
431 24
432 15
433 24
434 34
435 24
436 67
437 34
438 30
439 24
440 24
441 34
442 24
443 28
444 24
445 28
446 28
447 28
448 24
449 28
450 28
451 28
452 18
453 46
454 28
455 28
456 46
457 29
458 35
459 18
460 18
461 76
462 67
463 76
464 76
465 67
466 67
467 76
468 67
469 76
470 67
471 67
472 76
473 76
474 67
475 76
476 76
477 76
478 76
479 27
480 67
481 18
482 18
483 50
484 18
485 11
486 18
487 18
488 18
489 50
490 18
491 18
492 50
493 50
494 50
495 50
496 50
497 50
498 50
499 50
500 50
501 50
502 50
503 77
504 50
505 35
506 76
507 76
508 35
509 76
510 77
511 24
512 44
513 52
514 37
515 37
516 37
517 52
518 37
519 37
520 44
521 53
522 53
523 53
524 53
525 53
526 67
527 67
528 44
529 53
530 44
531 47
532 49
533 49
534 49
535 49
536 37
537 49
538 37
539 49
540 37
541 37
542 44
543 52
544 52
545 44
546 37
547 44
548 37
549 44
550 37
551 47
552 40
553 47
554 47
555 47
556 40
557 47
558 47
559 47
560 40
561 47
562 40
563 40
564 49
565 47
566 47
567 47
568 47
569 47
570 44
571 53
572 67
573 44
574 67
575 44
576 47
577 53
578 47
579 53
580 67
581 44
582 37
583 47
584 44
585 47
586 44
587 44
588 44
589 47
590 47
591 47
592 37
593 37
594 37
595 37
596 37
597 49
598 49
599 37
600 37
601 49
602 47
603 49
604 49
605 49
606 49
607 49
608 49
609 49
610 49
611 40
612 47
613 47
614 40
615 47
616 40
617 47
618 47
619 40
620 40
621 77
622 40
623 47
624 49
625 19
626 40
627 19
628 49
629 19
630 40
631 37
632 37
633 44
634 52
635 7
636 52
637 52
638 44
639 37
640 37
641 37
642 37
643 37
644 37
645 44
646 37
647 37
648 52
649 52
650 52
651 69
652 52
653 18
654 52
655 52
656 69
657 69
658 52
659 52
660 52
661 69
662 44
663 67
664 40
665 69
666 19
667 67
668 40
669 40
670 67
671 40
672 11
673 19
674 76
675 50
676 77
677 40
678 77
679 9
680 76
681 69
682 69
683 69
684 69
685 69
686 69
687 49
688 69
689 49
690 69
691 69
692 19
693 19
694 19
695 49
696 69
697 69
698 69
699 69
700 19
701 18
702 18
703 18
704 41
705 18
706 69
707 18
708 18
709 41
710 69
711 72
712 11
713 19
714 35
715 19
716 19
717 19
718 19
719 50
720 11
721 19
722 11
723 11
724 19
725 19
726 35
727 11
728 19
729 76
730 11
731 19
732 76
733 67
734 67
735 53
736 67
737 19
738 53
739 76
740 67
741 52
742 15
743 24
744 24
745 24
746 53
747 24
748 24
749 53
750 24
751 69
752 19
753 19
754 19
755 50
756 50
757 50
758 77
759 19
760 77
761 77
762 19
763 42
764 27
765 77
766 77
767 42
768 76
769 77
770 76
771 18
772 35
773 35
774 35
775 35
776 28
777 35
778 35
779 35
780 28
781 28
782 35
783 35
784 35
785 35
786 28
787 35
788 18
789 35
790 35
791 35
792 35
793 35
794 35
795 35
796 76
797 35
798 35
799 35
800 28
