34
2
14
15
80
70
67
61
24
23
29
30
64
65
69
42
6
73
7
66
37
55
59
18
17
39
22
44
16 10 47 49 51 33
54
9 79
13 35 77 52 41 21 45 60
5 68
62 71 53 40 25
50
38 57
58 32 36

1 14
2 2
3 34
4 69
5 69
6 14
7 69
8 34
9 14
10 34
11 2
12 2
13 34
14 34
15 2
16 34
17 34
18 34
19 2
20 34
21 69
22 23
23 69
24 23
25 17
26 69
27 50
28 69
29 69
30 69
31 69
32 65
33 65
34 69
35 69
36 65
37 23
38 65
39 69
40 69
41 14
42 24
43 15
44 29
45 61
46 2
47 2
48 2
49 2
50 2
51 14
52 23
53 69
54 14
55 69
56 23
57 14
58 14
59 14
60 69
61 29
62 29
63 29
64 29
65 67
66 67
67 70
68 80
69 67
70 80
71 44
72 44
73 44
74 69
75 44
76 44
77 69
78 69
79 44
80 44
81 14
82 14
83 80
84 14
85 2
86 15
87 15
88 67
89 15
90 15
91 65
92 80
93 80
94 80
95 80
96 80
97 70
98 80
99 80
100 80
101 70
102 15
103 15
104 80
105 15
106 15
107 80
108 15
109 15
110 70
111 6
112 6
113 59
114 55
115 55
116 55
117 55
118 6
119 15
120 6
121 55
122 15
123 23
124 23
125 59
126 59
127 23
128 73
129 15
130 23
131 70
132 70
133 70
134 70
135 70
136 70
137 23
138 70
139 70
140 70
141 70
142 70
143 61
144 70
145 70
146 70
147 67
148 67
149 67
150 61
151 67
152 64
153 64
154 64
155 67
156 64
157 67
158 64
159 67
160 64
161 17
162 65
163 69
164 69
165 17
166 17
167 17
168 17
169 17
170 44
171 23
172 64
173 64
174 29
175 24
176 29
177 29
178 29
179 29
180 29
181 65
182 24
183 24
184 37
185 64
186 24
187 24
188 24
189 42
190 24
191 6
192 6
193 6
194 6
195 6
196 6
197 42
198 6
199 6
200 42
201 24
202 24
203 24
204 42
205 42
206 42
207 42
208 42
209 42
210 42
211 29
212 29
213 29
214 29
215 29
216 29
217 29
218 29
219 29
220 30
221 42
222 42
223 42
224 6
225 6
226 6
227 18
228 59
229 22
230 18
231 22
232 54
233 35
234 13
235 18
236 35
237 77
238 77
239 13
240 30
241 53
242 25
243 54
244 39
245 25
246 40
247 39
248 62
249 39
250 54
251 13
252 35
253 77
254 41
255 5
256 30
257 30
258 30
259 30
260 30
261 59
262 55
263 59
264 55
265 59
266 55
267 59
268 73
269 73
270 73
271 17
272 59
273 17
274 50
275 59
276 59
277 17
278 59
279 25
280 17
281 30
282 30
283 30
284 30
285 22
286 64
287 33
288 7
289 64
290 7
291 64
292 51
293 64
294 7
295 7
296 64
297 7
298 64
299 7
300 7
301 7
302 22
303 66
304 33
305 5
306 22
307 66
308 64
309 22
310 5
311 32
312 58
313 5
314 58
315 58
316 32
317 58
318 58
319 5
320 5
321 7
322 7
323 7
324 7
325 7
326 7
327 7
328 37
329 7
330 37
331 66
332 66
333 55
334 66
335 55
336 55
337 66
338 66
339 55
340 55
341 55
342 55
343 22
344 13
345 13
346 55
347 55
348 55
349 55
350 13
351 5
352 41
353 5
354 5
355 21
356 5
357 5
358 22
359 58
360 5
361 16
362 18
363 18
364 16
365 18
366 18
367 39
368 39
369 39
370 22
371 39
372 39
373 39
374 16
375 18
376 18
377 18
378 16
379 39
380 39
381 39
382 39
383 16
384 37
385 17
386 7
387 7
388 37
389 37
390 7
391 17
392 17
393 17
394 17
395 17
396 37
397 17
398 17
399 17
400 17
401 22
402 66
403 66
404 73
405 73
406 73
407 73
408 18
409 33
410 73
411 73
412 66
413 73
414 73
415 73
416 73
417 73
418 59
419 73
420 73
421 54
422 18
423 39
424 37
425 18
426 7
427 7
428 37
429 37
430 7
431 39
432 44
433 44
434 44
435 44
436 44
437 44
438 44
439 44
440 44
441 18
442 7
443 66
444 22
445 66
446 54
447 37
448 66
449 66
450 66
451 66
452 21
453 66
454 41
455 5
456 7
457 41
458 5
459 41
460 41
461 37
462 37
463 18
464 18
465 18
466 16
467 18
468 16
469 47
470 18
471 54
472 44
473 59
474 59
475 59
476 50
477 44
478 59
479 59
480 44
481 16
482 39
483 18
484 16
485 18
486 18
487 16
488 16
489 37
490 37
491 40
492 40
493 50
494 50
495 40
496 54
497 40
498 25
499 25
500 50
501 18
502 22
503 16
504 47
505 37
506 37
507 18
508 10
509 37
510 51
511 73
512 2
513 2
514 14
515 2
516 2
517 2
518 34
519 2
520 2
521 65
522 65
523 14
524 65
525 17
526 69
527 17
528 65
529 65
530 65
531 34
532 34
533 14
534 14
535 34
536 34
537 34
538 34
539 34
540 34
541 34
542 34
543 34
544 34
545 34
546 34
547 34
548 2
549 23
550 2
551 17
552 65
553 69
554 17
555 65
556 69
557 44
558 44
559 44
560 65
561 14
562 14
563 70
564 14
565 67
566 14
567 14
568 65
569 65
570 14
571 58
572 58
573 58
574 5
575 29
576 5
577 30
578 2
579 67
580 24
581 6
582 23
583 2
584 23
585 55
586 23
587 55
588 55
589 23
590 23
591 14
592 14
593 2
594 14
595 2
596 2
597 15
598 15
599 15
600 23
601 15
602 15
603 61
604 61
605 15
606 15
607 15
608 67
609 15
610 15
611 65
612 39
613 62
614 62
615 65
616 62
617 62
618 65
619 65
620 65
621 61
622 70
623 61
624 15
625 61
626 61
627 61
628 61
629 36
630 70
631 80
632 80
633 67
634 70
635 80
636 80
637 80
638 80
639 80
640 67
641 70
642 80
643 80
644 65
645 80
646 67
647 80
648 70
649 80
650 70
651 61
652 23
653 61
654 61
655 61
656 61
657 24
658 67
659 23
660 61
661 67
662 67
663 67
664 67
665 67
666 67
667 67
668 29
669 61
670 61
671 61
672 61
673 61
674 61
675 61
676 61
677 29
678 24
679 24
680 24
681 6
682 23
683 6
684 23
685 23
686 23
687 6
688 23
689 44
690 6
691 65
692 29
693 42
694 42
695 24
696 24
697 42
698 24
699 29
700 42
701 6
702 39
703 64
704 37
705 39
706 42
707 39
708 37
709 37
710 37
711 24
712 24
713 42
714 24
715 24
716 24
717 5
718 5
719 24
720 5
721 66
722 66
723 66
724 42
725 42
726 42
727 42
728 55
729 42
730 42
731 6
732 6
733 6
734 50
735 6
736 39
737 44
738 53
739 59
740 59
741 54
742 59
743 54
744 50
745 59
746 39
747 54
748 54
749 54
750 40
751 30
752 39
753 30
754 30
755 39
756 54
757 30
758 30
759 39
760 64
761 55
762 13
763 55
764 66
765 73
766 73
767 73
768 73
769 73
770 73
771 73
772 30
773 66
774 30
775 22
776 30
777 30
778 66
779 66
780 37
781 37
782 18
783 7
784 30
785 37
786 30
787 30
788 30
789 64
790 66
791 64
792 64
793 10
794 10
795 64
796 64
797 16
798 16
799 64
800 64
