36
6
61
67
79
50
4
39 74
17 43 37 32
55

1 36
2 36
3 36
4 36
5 36
6 36
7 36
8 36
9 36
10 36
11 36
12 36
13 36
14 36
15 36
16 36
17 36
18 36
19 61
20 36
21 36
22 36
23 36
24 36
25 36
26 36
27 36
28 36
29 36
30 36
31 36
32 36
33 36
34 36
35 36
36 36
37 36
38 36
39 17
40 36
41 36
42 36
43 36
44 79
45 36
46 39
47 36
48 61
49 36
50 36
51 61
52 36
53 36
54 36
55 36
56 36
57 6
58 6
59 6
60 6
61 6
62 6
63 6
64 6
65 6
66 6
67 6
68 6
69 6
70 6
71 6
72 6
73 6
74 6
75 6
76 6
77 6
78 6
79 6
80 6
81 6
82 6
83 6
84 6
85 6
86 6
87 6
88 6
89 6
90 6
91 6
92 6
93 6
94 6
95 6
96 6
97 6
98 6
99 6
100 6
101 6
102 61
103 61
104 6
105 6
106 6
107 61
108 6
109 61
110 6
111 61
112 61
113 61
114 61
115 61
116 17
117 61
118 61
119 67
120 61
121 61
122 79
123 61
124 61
125 61
126 61
127 61
128 61
129 61
130 61
131 79
132 61
133 61
134 61
135 61
136 50
137 61
138 61
139 61
140 61
141 61
142 61
143 61
144 61
145 61
146 61
147 61
148 61
149 61
150 61
151 79
152 61
153 61
154 61
155 61
156 61
157 61
158 67
159 61
160 61
161 67
162 67
163 67
164 67
165 67
166 67
167 67
168 67
169 67
170 67
171 79
172 67
173 67
174 67
175 67
176 67
177 67
178 79
179 67
180 67
181 79
182 50
183 67
184 67
185 67
186 67
187 67
188 67
189 67
190 67
191 67
192 67
193 67
194 79
195 67
196 67
197 67
198 67
199 67
200 67
201 67
202 67
203 67
204 67
205 67
206 67
207 79
208 67
209 67
210 67
211 17
212 67
213 67
214 67
215 67
216 79
217 79
218 55
219 50
220 79
221 79
222 79
223 79
224 79
225 79
226 79
227 79
228 79
229 79
230 79
231 79
232 79
233 79
234 79
235 79
236 79
237 79
238 79
239 79
240 79
241 79
242 79
243 79
244 79
245 79
246 79
247 79
248 79
249 79
250 79
251 79
252 79
253 79
254 79
255 79
256 79
257 79
258 79
259 50
260 50
261 50
262 50
263 50
264 50
265 50
266 50
267 50
268 50
269 50
270 50
271 50
272 50
273 50
274 50
275 50
276 50
277 50
278 50
279 50
280 50
281 50
282 50
283 50
284 50
285 50
286 50
287 50
288 50
289 50
290 50
291 50
292 50
293 50
294 50
295 50
296 50
297 50
298 50
299 50
300 50
301 50
302 50
303 50
304 50
305 4
306 50
307 4
308 4
309 4
310 4
311 4
312 4
313 39
314 4
315 4
316 4
317 4
318 4
319 4
320 4
321 4
322 4
323 4
324 4
325 4
326 4
327 4
328 4
329 4
330 4
331 4
332 4
333 4
334 4
335 4
336 4
337 4
338 4
339 4
340 4
341 17
342 4
343 4
344 4
345 4
346 4
347 17
348 4
349 4
350 4
351 4
352 4
353 4
354 4
355 4
356 4
357 4
358 4
359 39
360 39
361 39
362 39
363 39
364 39
365 39
366 39
367 39
368 39
369 39
370 39
371 39
372 39
373 39
374 39
375 39
376 17
377 17
378 39
379 17
380 39
381 39
382 39
383 39
384 39
385 39
386 39
387 39
388 39
389 39
390 39
391 39
392 39
393 39
394 39
395 39
396 39
397 17
398 39
399 39
400 39
