5
34
8
36
9
12
79
50
22
74
52

1 5
2 5
3 5
4 5
5 5
6 5
7 5
8 5
9 5
10 5
11 5
12 5
13 5
14 5
15 5
16 5
17 5
18 5
19 34
20 5
21 5
22 5
23 5
24 5
25 5
26 5
27 5
28 5
29 5
30 5
31 5
32 5
33 5
34 5
35 5
36 5
37 5
38 5
39 8
40 5
41 5
42 5
43 5
44 9
45 5
46 9
47 5
48 34
49 5
50 5
51 34
52 5
53 5
54 5
55 5
56 5
57 34
58 34
59 34
60 34
61 34
62 34
63 34
64 34
65 34
66 34
67 34
68 34
69 34
70 34
71 34
72 34
73 34
74 34
75 34
76 8
77 34
78 34
79 34
80 34
81 34
82 34
83 34
84 34
85 34
86 8
87 34
88 34
89 34
90 34
91 34
92 34
93 34
94 34
95 34
96 34
97 34
98 34
99 34
100 34
101 34
102 34
103 34
104 34
105 34
106 8
107 36
108 8
109 8
110 8
111 8
112 8
113 8
114 8
115 8
116 8
117 8
118 8
119 8
120 8
121 8
122 8
123 8
124 8
125 8
126 8
127 8
128 8
129 8
130 8
131 9
132 8
133 8
134 8
135 8
136 8
137 8
138 8
139 8
140 36
141 8
142 8
143 8
144 8
145 8
146 8
147 9
148 8
149 8
150 8
151 8
152 36
153 8
154 8
155 8
156 8
157 8
158 36
159 36
160 36
161 36
162 36
163 36
164 36
165 36
166 36
167 36
168 36
169 36
170 36
171 9
172 36
173 36
174 36
175 36
176 36
177 36
178 36
179 36
180 36
181 79
182 50
183 36
184 36
185 36
186 36
187 36
188 36
189 36
190 36
191 36
192 36
193 36
194 9
195 36
196 36
197 36
198 36
199 36
200 36
201 36
202 36
203 36
204 36
205 9
206 36
207 9
208 36
209 36
210 36
211 52
212 9
213 9
214 9
215 9
216 9
217 9
218 9
219 50
220 9
221 9
222 9
223 9
224 9
225 9
226 9
227 9
228 9
229 9
230 9
231 9
232 9
233 9
234 9
235 9
236 9
237 9
238 9
239 9
240 9
241 9
242 9
243 9
244 9
245 9
246 9
247 9
248 9
249 9
250 9
251 9
252 9
253 9
254 9
255 12
256 12
257 12
258 12
259 12
260 12
261 12
262 12
263 12
264 12
265 12
266 12
267 12
268 12
269 12
270 12
271 12
272 12
273 50
274 12
275 12
276 12
277 12
278 12
279 12
280 12
281 12
282 12
283 12
284 12
285 12
286 12
287 12
288 12
289 12
290 12
291 12
292 12
293 12
294 50
295 12
296 12
297 12
298 12
299 12
300 12
301 12
302 12
303 12
304 12
305 74
306 12
307 12
308 79
309 79
310 79
311 79
312 74
313 79
314 79
315 79
316 79
317 79
318 79
319 79
320 79
321 79
322 79
323 79
324 79
325 79
326 79
327 79
328 79
329 79
330 79
331 79
332 79
333 79
334 79
335 79
336 79
337 79
338 22
339 79
340 79
341 50
342 79
343 79
344 79
345 79
346 79
347 50
348 79
349 79
350 79
351 79
352 79
353 79
354 79
355 79
356 79
357 79
358 79
359 79
360 74
361 79
362 50
363 50
364 50
365 74
366 50
367 50
368 74
369 74
370 50
371 50
372 50
373 50
374 50
375 50
376 22
377 50
378 50
379 50
380 50
381 50
382 50
383 50
384 50
385 50
386 74
387 50
388 50
389 50
390 50
391 50
392 74
393 50
394 50
395 22
396 50
397 50
398 50
399 50
400 50
