36
47
71
49
65
1
40
31 22
52
72
26 41
59 44 78
74 68 37
76
70
9 5
64 56
42
24 18 46
77
7 58
10 51 80
67
79 55
19
60
13
4 3 69 39 48
12 29 23 61 43 38 66
73
6 21 45
8 35 27 33 53 54
2 28 15 30 34 50 57
25 75
16 11 32

1 1
2 1
3 1
4 1
5 1
6 1
7 1
8 1
9 1
10 1
11 5
12 70
13 70
14 70
15 70
16 5
17 70
18 22
19 77
20 70
21 13
22 4
23 4
24 4
25 13
26 13
27 4
28 3
29 13
30 13
31 4
32 4
33 13
34 76
35 4
36 4
37 13
38 4
39 13
40 13
41 70
42 70
43 77
44 77
45 9
46 9
47 70
48 70
49 70
50 9
51 70
52 70
53 42
54 42
55 70
56 52
57 6
58 42
59 52
60 42
61 44
62 7
63 42
64 42
65 44
66 7
67 7
68 7
69 59
70 40
71 49
72 47
73 36
74 36
75 47
76 47
77 49
78 47
79 47
80 47
81 31
82 9
83 31
84 9
85 9
86 9
87 9
88 31
89 22
90 9
91 42
92 49
93 49
94 49
95 49
96 10
97 10
98 26
99 72
100 10
101 11
102 60
103 11
104 11
105 11
106 11
107 11
108 11
109 11
110 11
111 67
112 12
113 19
114 67
115 12
116 12
117 12
118 12
119 12
120 12
121 69
122 4
123 4
124 4
125 69
126 4
127 4
128 13
129 65
130 13
131 79
132 60
133 60
134 60
135 60
136 79
137 71
138 60
139 79
140 60
141 15
142 28
143 15
144 15
145 15
146 15
147 15
148 15
149 15
150 15
151 68
152 16
153 68
154 16
155 16
156 68
157 16
158 16
159 16
160 16
161 65
162 65
163 65
164 65
165 65
166 65
167 65
168 65
169 65
170 65
171 76
172 76
173 24
174 76
175 76
176 76
177 76
178 76
179 76
180 76
181 77
182 19
183 77
184 19
185 19
186 19
187 19
188 19
189 76
190 76
191 49
192 42
193 80
194 42
195 80
196 42
197 59
198 51
199 42
200 49
201 42
202 42
203 42
204 42
205 42
206 7
207 42
208 42
209 42
210 42
211 9
212 31
213 31
214 31
215 31
216 31
217 31
218 31
219 31
220 31
221 12
222 67
223 9
224 67
225 67
226 67
227 19
228 67
229 19
230 67
231 76
232 76
233 76
234 76
235 76
236 76
237 76
238 24
239 76
240 24
241 25
242 25
243 55
244 55
245 25
246 33
247 33
248 33
249 25
250 25
251 26
252 26
253 26
254 26
255 26
256 36
257 72
258 72
259 72
260 26
261 36
262 36
263 47
264 36
265 47
266 36
267 36
268 36
269 36
270 36
271 9
272 77
273 28
274 77
275 67
276 67
277 67
278 9
279 9
280 28
281 77
282 77
283 77
284 9
285 67
286 77
287 19
288 77
289 77
290 77
291 1
292 1
293 1
294 30
295 1
296 1
297 31
298 30
299 1
300 1
301 1
302 1
303 1
304 1
305 31
306 31
307 31
308 31
309 31
310 31
311 71
312 11
313 32
314 11
315 60
316 11
317 71
318 71
319 32
320 71
321 33
322 79
323 79
324 47
325 33
326 79
327 79
328 33
329 79
330 33
331 31
332 34
333 64
334 64
335 64
336 64
337 56
338 64
339 64
340 64
341 49
342 49
343 49
344 49
345 49
346 49
347 49
348 49
349 49
350 72
351 55
352 36
353 55
354 25
355 79
356 72
357 25
358 25
359 72
360 36
361 74
362 74
363 74
364 37
365 74
366 74
367 37
368 57
369 57
370 74
371 19
372 19
373 24
374 12
375 38
376 61
377 76
378 38
379 12
380 76
381 4
382 72
383 26
384 26
385 13
386 13
387 26
388 26
389 13
390 26
391 40
392 40
393 40
394 40
395 40
396 40
397 40
398 40
399 40
400 40
401 72
402 36
403 49
404 72
405 26
406 72
407 36
408 49
409 36
410 72
411 52
412 52
413 52
414 70
415 52
416 26
417 52
418 52
419 52
420 52
421 61
422 19
423 43
424 12
425 43
426 19
427 43
428 43
429 43
430 43
431 59
432 59
433 40
434 40
435 40
436 40
437 40
438 44
439 40
440 59
441 9
442 7
443 31
444 31
445 7
446 7
447 7
448 7
449 58
450 58
451 65
452 65
453 76
454 46
455 46
456 76
457 46
458 46
459 46
460 46
461 47
462 47
463 47
464 79
465 79
466 79
467 47
468 49
469 49
470 49
471 48
472 41
473 72
474 13
475 13
476 13
477 69
478 72
479 72
480 39
481 72
482 10
483 10
484 10
485 72
486 10
487 10
488 26
489 10
490 10
491 64
492 50
493 64
494 64
495 34
496 64
497 64
498 50
499 64
500 40
501 10
502 10
503 10
504 51
505 10
506 72
507 10
508 10
509 10
510 26
511 80
512 52
513 52
514 52
515 52
516 52
517 52
518 52
519 52
520 52
521 47
522 79
523 53
524 33
525 33
526 79
527 33
528 33
529 79
530 60
531 53
532 60
533 79
534 60
535 47
536 79
537 53
538 33
539 33
540 53
541 36
542 36
543 47
544 36
545 36
546 47
547 36
548 55
549 36
550 36
551 78
552 64
553 78
554 1
555 1
556 30
557 64
558 64
559 64
560 31
561 68
562 57
563 57
564 16
565 57
566 16
567 16
568 57
569 68
570 16
571 70
572 44
573 7
574 42
575 7
576 7
577 7
578 44
579 44
580 7
581 71
582 59
583 59
584 59
585 59
586 59
587 59
588 59
589 40
590 71
591 60
592 60
593 60
594 60
595 79
596 60
597 60
598 60
599 60
600 60
601 67
602 19
603 67
604 19
605 67
606 67
607 67
608 67
609 19
610 67
611 46
612 4
613 46
614 48
615 46
616 76
617 46
618 69
619 46
620 46
621 42
622 26
623 42
624 26
625 6
626 6
627 26
628 51
629 6
630 6
631 40
632 40
633 64
634 64
635 64
636 64
637 64
638 64
639 64
640 78
641 65
642 65
643 65
644 65
645 65
646 65
647 65
648 65
649 65
650 65
651 19
652 77
653 19
654 66
655 19
656 19
657 19
658 19
659 19
660 19
661 77
662 9
663 67
664 67
665 77
666 67
667 77
668 67
669 9
670 67
671 68
672 68
673 68
674 71
675 68
676 74
677 74
678 74
679 71
680 68
681 13
682 13
683 13
684 13
685 13
686 65
687 13
688 65
689 13
690 13
691 70
692 70
693 58
694 70
695 70
696 70
697 70
698 70
699 70
700 7
701 71
702 71
703 71
704 71
705 71
706 71
707 71
708 71
709 71
710 71
711 72
712 72
713 47
714 47
715 72
716 49
717 72
718 72
719 72
720 72
721 9
722 77
723 9
724 77
725 77
726 77
727 77
728 73
729 9
730 67
731 71
732 71
733 71
734 71
735 74
736 71
737 71
738 74
739 74
740 74
741 25
742 25
743 25
744 25
745 25
746 25
747 25
748 25
749 25
750 25
751 24
752 24
753 24
754 24
755 24
756 24
757 24
758 24
759 4
760 24
761 12
762 73
763 73
764 77
765 23
766 9
767 12
768 5
769 70
770 77
771 40
772 1
773 78
774 40
775 78
776 40
777 78
778 78
779 40
780 1
781 47
782 79
783 36
784 47
785 47
786 47
787 79
788 47
789 47
790 36
791 49
792 52
793 42
794 52
795 49
796 42
797 52
798 52
799 52
800 52
