38
16
5
30
48
40
56
39
52
1
66
68
10
12
19
26 65 46 45 34 58 35
71

1 38
2 38
3 38
4 38
5 38
6 38
7 38
8 38
9 38
10 38
11 38
12 38
13 38
14 38
15 38
16 16
17 38
18 38
19 38
20 38
21 38
22 38
23 38
24 38
25 38
26 38
27 38
28 38
29 16
30 38
31 38
32 38
33 38
34 38
35 38
36 38
37 38
38 38
39 38
40 38
41 38
42 38
43 38
44 38
45 38
46 38
47 38
48 38
49 38
50 38
51 38
52 38
53 16
54 16
55 16
56 16
57 5
58 16
59 16
60 16
61 48
62 16
63 16
64 16
65 16
66 16
67 16
68 16
69 5
70 5
71 16
72 48
73 16
74 16
75 16
76 16
77 16
78 16
79 16
80 16
81 16
82 16
83 16
84 16
85 16
86 40
87 16
88 16
89 16
90 16
91 10
92 48
93 16
94 16
95 16
96 16
97 16
98 16
99 10
100 52
101 16
102 16
103 16
104 16
105 16
106 16
107 16
108 16
109 40
110 16
111 16
112 30
113 5
114 5
115 5
116 5
117 5
118 5
119 5
120 5
121 5
122 5
123 5
124 5
125 5
126 5
127 5
128 48
129 5
130 40
131 5
132 5
133 5
134 5
135 5
136 5
137 5
138 5
139 5
140 5
141 5
142 5
143 5
144 5
145 5
146 5
147 5
148 5
149 5
150 5
151 5
152 5
153 5
154 5
155 5
156 5
157 5
158 5
159 5
160 5
161 5
162 30
163 30
164 30
165 30
166 30
167 30
168 30
169 30
170 30
171 30
172 30
173 30
174 30
175 30
176 30
177 30
178 30
179 30
180 30
181 30
182 30
183 30
184 30
185 30
186 30
187 30
188 30
189 30
190 30
191 56
192 30
193 30
194 30
195 30
196 30
197 40
198 30
199 30
200 30
201 30
202 30
203 30
204 48
205 30
206 30
207 30
208 30
209 30
210 30
211 30
212 30
213 30
214 48
215 48
216 48
217 48
218 48
219 48
220 48
221 48
222 71
223 48
224 48
225 48
226 48
227 48
228 48
229 48
230 48
231 48
232 48
233 40
234 48
235 48
236 48
237 48
238 48
239 48
240 48
241 48
242 48
243 48
244 48
245 48
246 48
247 48
248 48
249 48
250 48
251 48
252 48
253 48
254 48
255 48
256 48
257 48
258 40
259 48
260 48
261 56
262 48
263 56
264 40
265 40
266 40
267 56
268 40
269 40
270 40
271 40
272 40
273 40
274 40
275 40
276 40
277 40
278 40
279 40
280 40
281 40
282 40
283 56
284 40
285 40
286 40
287 40
288 40
289 40
290 40
291 40
292 40
293 40
294 56
295 40
296 40
297 56
298 40
299 56
300 40
301 40
302 56
303 40
304 40
305 40
306 40
307 40
308 40
309 40
310 40
311 40
312 40
313 40
314 56
315 56
316 56
317 39
318 56
319 56
320 39
321 56
322 56
323 56
324 56
325 56
326 56
327 56
328 56
329 56
330 39
331 56
332 56
333 52
334 56
335 56
336 56
337 56
338 56
339 56
340 56
341 56
342 56
343 56
344 52
345 56
346 56
347 56
348 39
349 56
350 56
351 56
352 56
353 56
354 56
355 56
356 56
357 56
358 56
359 56
360 56
361 39
362 39
363 39
364 39
365 39
366 39
367 71
368 39
369 39
370 39
371 39
372 39
373 39
374 39
375 39
376 39
377 39
378 39
379 39
380 39
381 39
382 39
383 39
384 39
385 39
386 39
387 39
388 39
389 39
390 39
391 39
392 39
393 39
394 39
395 39
396 39
397 39
398 39
399 39
400 39
401 39
402 39
403 39
404 39
405 39
406 39
407 39
408 52
409 52
410 52
411 52
412 52
413 52
414 19
415 52
416 52
417 19
418 52
419 52
420 52
421 52
422 52
423 52
424 52
425 52
426 19
427 52
428 19
429 52
430 52
431 52
432 52
433 52
434 52
435 52
436 52
437 52
438 52
439 52
440 52
441 52
442 52
443 52
444 52
445 52
446 52
447 52
448 52
449 52
450 52
451 52
452 52
453 19
454 52
455 52
456 52
457 52
458 52
459 52
460 19
461 19
462 19
463 19
464 19
465 19
466 19
467 19
468 19
469 19
470 19
471 19
472 19
473 26
474 26
475 26
476 26
477 26
478 26
479 26
480 26
481 26
482 26
483 26
484 26
485 26
486 26
487 26
488 26
489 26
490 26
491 26
492 26
493 26
494 26
495 26
496 26
497 26
498 26
499 26
500 26
501 26
502 26
503 26
504 46
505 26
506 26
507 26
508 26
509 26
510 26
511 45
512 1
513 1
514 1
515 1
516 1
517 1
518 1
519 1
520 1
521 1
522 1
523 1
524 1
525 1
526 1
527 1
528 1
529 1
530 1
531 1
532 1
533 1
534 1
535 1
536 10
537 1
538 1
539 1
540 66
541 1
542 1
543 1
544 1
545 1
546 12
547 1
548 1
549 1
550 1
551 1
552 1
553 1
554 1
555 12
556 1
557 1
558 1
559 1
560 1
561 1
562 1
563 1
564 1
565 1
566 66
567 66
568 66
569 66
570 66
571 66
572 66
573 66
574 66
575 66
576 66
577 66
578 66
579 66
580 66
581 66
582 66
583 66
584 66
585 66
586 66
587 68
588 66
589 66
590 66
591 66
592 66
593 66
594 66
595 66
596 66
597 66
598 66
599 68
600 66
601 66
602 66
603 66
604 66
605 66
606 66
607 66
608 66
609 66
610 66
611 66
612 66
613 68
614 66
615 66
616 66
617 66
618 68
619 68
620 10
621 68
622 68
623 68
624 68
625 68
626 68
627 68
628 68
629 68
630 68
631 68
632 68
633 68
634 10
635 68
636 68
637 68
638 68
639 68
640 68
641 68
642 68
643 68
644 68
645 68
646 68
647 68
648 68
649 68
650 10
651 68
652 68
653 68
654 68
655 68
656 68
657 68
658 68
659 68
660 68
661 68
662 68
663 68
664 68
665 68
666 68
667 68
668 10
669 10
670 10
671 10
672 10
673 10
674 10
675 10
676 10
677 10
678 10
679 10
680 10
681 10
682 10
683 10
684 10
685 10
686 10
687 10
688 26
689 10
690 10
691 10
692 10
693 10
694 12
695 10
696 10
697 10
698 10
699 46
700 10
701 10
702 10
703 10
704 10
705 10
706 10
707 10
708 71
709 10
710 10
711 10
712 10
713 10
714 10
715 10
716 12
717 12
718 12
719 12
720 12
721 12
722 12
723 12
724 12
725 12
726 12
727 19
728 12
729 12
730 12
731 12
732 12
733 12
734 12
735 12
736 12
737 12
738 12
739 12
740 12
741 26
742 19
743 12
744 12
745 12
746 45
747 12
748 26
749 12
750 12
751 12
752 12
753 12
754 12
755 26
756 12
757 12
758 12
759 12
760 12
761 12
762 12
763 12
764 12
765 12
766 12
767 12
768 12
769 19
770 19
771 19
772 19
773 19
774 19
775 19
776 19
777 19
778 19
779 19
780 19
781 19
782 19
783 19
784 19
785 19
786 19
787 19
788 19
789 19
790 19
791 19
792 19
793 19
794 35
795 19
796 19
797 34
798 19
799 19
800 19
