15
39
8
34
10
36
25
52
33
70
2
20
27
26
68
35
46
43
49
45
64
22
69
28
9
30
79
38
72
37
57
32
29
31 77 63 71
16

1 15
2 15
3 15
4 39
5 15
6 15
7 15
8 15
9 15
10 15
11 15
12 15
13 15
14 15
15 15
16 15
17 15
18 15
19 15
20 15
21 34
22 15
23 15
24 15
25 15
26 34
27 15
28 15
29 39
30 39
31 39
32 39
33 39
34 39
35 39
36 39
37 39
38 39
39 8
40 39
41 39
42 8
43 39
44 39
45 39
46 39
47 39
48 39
49 39
50 39
51 39
52 39
53 8
54 34
55 39
56 39
57 8
58 34
59 8
60 8
61 8
62 8
63 8
64 8
65 8
66 8
67 8
68 36
69 8
70 8
71 8
72 8
73 8
74 8
75 8
76 8
77 8
78 8
79 8
80 8
81 36
82 34
83 36
84 34
85 34
86 34
87 34
88 34
89 34
90 34
91 34
92 34
93 34
94 34
95 34
96 34
97 34
98 34
99 34
100 34
101 36
102 34
103 70
104 34
105 34
106 36
107 10
108 10
109 10
110 10
111 10
112 10
113 10
114 10
115 36
116 10
117 10
118 10
119 10
120 10
121 10
122 10
123 10
124 10
125 10
126 10
127 10
128 10
129 10
130 10
131 10
132 10
133 36
134 36
135 36
136 36
137 36
138 36
139 36
140 36
141 36
142 36
143 36
144 36
145 36
146 36
147 25
148 36
149 36
150 36
151 36
152 36
153 25
154 25
155 25
156 25
157 25
158 25
159 25
160 25
161 25
162 25
163 25
164 25
165 25
166 25
167 52
168 25
169 25
170 25
171 25
172 25
173 25
174 25
175 25
176 25
177 25
178 52
179 52
180 52
181 52
182 52
183 52
184 52
185 52
186 16
187 52
188 52
189 52
190 70
191 33
192 52
193 52
194 52
195 52
196 52
197 52
198 52
199 52
200 52
201 52
202 52
203 52
204 2
205 52
206 33
207 33
208 33
209 33
210 33
211 33
212 33
213 33
214 27
215 33
216 33
217 33
218 33
219 33
220 33
221 33
222 33
223 33
224 33
225 33
226 33
227 33
228 33
229 33
230 33
231 70
232 70
233 70
234 2
235 70
236 70
237 70
238 70
239 70
240 2
241 70
242 70
243 70
244 70
245 70
246 70
247 70
248 70
249 70
250 70
251 70
252 70
253 70
254 70
255 70
256 2
257 2
258 2
259 2
260 2
261 2
262 2
263 2
264 2
265 2
266 2
267 2
268 2
269 2
270 2
271 2
272 2
273 68
274 2
275 2
276 2
277 2
278 2
279 20
280 20
281 20
282 20
283 20
284 20
285 20
286 20
287 20
288 20
289 20
290 20
291 26
292 20
293 20
294 20
295 20
296 20
297 20
298 20
299 20
300 26
301 20
302 20
303 20
304 20
305 20
306 27
307 27
308 27
309 27
310 27
311 27
312 27
313 26
314 27
315 27
316 27
317 27
318 27
319 27
320 27
321 27
322 27
323 27
324 27
325 27
326 26
327 27
328 27
329 27
330 27
331 27
332 26
333 26
334 26
335 26
336 35
337 26
338 26
339 26
340 26
341 26
342 26
343 26
344 26
345 26
346 26
347 26
348 26
349 26
350 26
351 26
352 26
353 26
354 68
355 68
356 68
357 68
358 68
359 68
360 68
361 68
362 68
363 68
364 68
365 68
366 68
367 68
368 68
369 68
370 68
371 68
372 68
373 35
374 68
375 68
376 35
377 68
378 68
379 35
380 68
381 35
382 16
383 35
384 35
385 43
386 35
387 35
388 35
389 35
390 35
391 35
392 35
393 35
394 35
395 35
396 35
397 35
398 35
399 35
400 35
401 35
402 35
403 35
404 46
405 46
406 46
407 46
408 46
409 46
410 46
411 46
412 46
413 46
414 46
415 46
416 43
417 46
418 46
419 46
420 46
421 46
422 43
423 46
424 43
425 46
426 46
427 46
428 46
429 43
430 46
431 46
432 46
433 32
434 43
435 43
436 43
437 43
438 43
439 43
440 43
441 43
442 43
443 43
444 43
445 43
446 43
447 43
448 43
449 43
450 43
451 43
452 43
453 43
454 37
455 37
456 37
457 32
458 37
459 37
460 37
461 37
462 37
463 37
464 37
465 37
466 37
467 37
468 37
469 32
470 57
471 57
472 57
473 57
474 57
475 57
476 57
477 57
478 57
479 57
480 57
481 57
482 57
483 32
484 57
485 57
486 57
487 57
488 57
489 57
490 57
491 57
492 57
493 32
494 57
495 32
496 32
497 29
498 32
499 32
500 31
501 32
502 32
503 32
504 32
505 32
506 32
507 32
508 32
509 32
510 32
511 32
512 49
513 49
514 49
515 49
516 49
517 49
518 49
519 49
520 49
521 49
522 49
523 49
524 49
525 49
526 49
527 49
528 49
529 49
530 45
531 49
532 49
533 49
534 49
535 49
536 49
537 49
538 45
539 45
540 45
541 45
542 45
543 45
544 69
545 45
546 45
547 45
548 45
549 45
550 45
551 45
552 45
553 45
554 45
555 45
556 45
557 22
558 45
559 45
560 45
561 45
562 45
563 45
564 64
565 64
566 64
567 64
568 64
569 64
570 64
571 64
572 64
573 64
574 64
575 64
576 64
577 64
578 22
579 22
580 64
581 22
582 64
583 64
584 64
585 64
586 64
587 64
588 64
589 64
590 22
591 64
592 64
593 69
594 22
595 22
596 22
597 22
598 22
599 22
600 22
601 22
602 22
603 57
604 22
605 22
606 22
607 22
608 22
609 22
610 22
611 69
612 22
613 22
614 22
615 22
616 69
617 69
618 69
619 69
620 69
621 69
622 69
623 69
624 69
625 69
626 69
627 69
628 69
629 69
630 69
631 69
632 30
633 69
634 69
635 69
636 69
637 69
638 69
639 28
640 79
641 28
642 28
643 28
644 28
645 28
646 28
647 28
648 28
649 28
650 28
651 28
652 28
653 28
654 28
655 28
656 28
657 28
658 28
659 28
660 9
661 28
662 28
663 28
664 28
665 28
666 9
667 9
668 9
669 9
670 9
671 9
672 9
673 9
674 79
675 9
676 30
677 9
678 9
679 9
680 9
681 9
682 9
683 30
684 9
685 9
686 9
687 38
688 9
689 9
690 79
691 9
692 9
693 9
694 9
695 30
696 30
697 30
698 30
699 30
700 30
701 30
702 30
703 30
704 30
705 30
706 30
707 30
708 30
709 30
710 30
711 30
712 30
713 30
714 30
715 30
716 30
717 79
718 79
719 79
720 79
721 79
722 79
723 79
724 79
725 79
726 79
727 79
728 79
729 79
730 79
731 79
732 79
733 79
734 79
735 79
736 79
737 79
738 79
739 38
740 38
741 38
742 38
743 38
744 38
745 38
746 38
747 38
748 38
749 38
750 38
751 31
752 38
753 38
754 38
755 38
756 38
757 38
758 38
759 38
760 38
761 38
762 38
763 38
764 72
765 72
766 72
767 72
768 72
769 72
770 72
771 72
772 72
773 72
774 72
775 72
776 72
777 72
778 72
779 72
780 72
781 72
782 72
783 72
784 72
785 72
786 72
787 72
788 72
789 37
790 37
791 37
792 37
793 57
794 37
795 37
796 37
797 37
798 37
799 37
800 37
