47
5
65
46
76
80
9
70
15
36
2 25
22
60 69
7 32 64 52 30 45 55 33
11 73 72 63 51
48 56 42 40 62
1 77
74
75 44
61 49
3 12 58 53 27 43 67 59
20 14 41 71 39
18

1 5
2 5
3 5
4 5
5 5
6 5
7 5
8 76
9 5
10 5
11 5
12 76
13 5
14 47
15 5
16 47
17 5
18 5
19 5
20 5
21 47
22 48
23 62
24 74
25 47
26 47
27 75
28 47
29 47
30 47
31 65
32 65
33 65
34 65
35 65
36 65
37 65
38 65
39 65
40 65
41 47
42 5
43 47
44 5
45 47
46 5
47 5
48 47
49 5
50 47
51 47
52 47
53 65
54 65
55 47
56 47
57 47
58 47
59 47
60 47
61 65
62 7
63 7
64 65
65 65
66 7
67 65
68 7
69 7
70 65
71 65
72 47
73 65
74 65
75 65
76 15
77 65
78 65
79 15
80 65
81 5
82 9
83 5
84 5
85 5
86 5
87 5
88 9
89 9
90 5
91 76
92 80
93 5
94 5
95 5
96 80
97 5
98 5
99 5
100 70
101 11
102 5
103 5
104 11
105 5
106 5
107 5
108 5
109 11
110 80
111 62
112 70
113 15
114 48
115 76
116 74
117 15
118 75
119 76
120 74
121 76
122 76
123 76
124 76
125 76
126 76
127 76
128 76
129 76
130 76
131 46
132 46
133 46
134 46
135 46
136 46
137 46
138 46
139 46
140 61
141 15
142 15
143 15
144 15
145 15
146 15
147 15
148 15
149 15
150 15
151 80
152 80
153 46
154 80
155 80
156 46
157 80
158 80
159 80
160 46
161 76
162 80
163 76
164 76
165 70
166 76
167 80
168 15
169 70
170 70
171 46
172 80
173 80
174 46
175 80
176 46
177 46
178 46
179 46
180 46
181 76
182 70
183 76
184 76
185 76
186 76
187 76
188 76
189 70
190 80
191 80
192 46
193 46
194 46
195 20
196 46
197 80
198 46
199 46
200 46
201 74
202 70
203 15
204 15
205 48
206 56
207 74
208 56
209 74
210 15
211 80
212 80
213 80
214 80
215 80
216 70
217 70
218 22
219 22
220 70
221 36
222 20
223 22
224 22
225 22
226 22
227 18
228 22
229 22
230 61
231 15
232 70
233 15
234 15
235 15
236 70
237 36
238 36
239 15
240 70
241 70
242 9
243 9
244 9
245 9
246 9
247 70
248 70
249 2
250 70
251 22
252 22
253 22
254 22
255 22
256 22
257 22
258 22
259 7
260 22
261 48
262 48
263 48
264 70
265 62
266 62
267 2
268 62
269 48
270 62
271 7
272 36
273 18
274 36
275 36
276 36
277 36
278 36
279 36
280 70
281 22
282 61
283 22
284 11
285 22
286 11
287 22
288 22
289 20
290 22
291 36
292 7
293 36
294 36
295 36
296 36
297 7
298 7
299 36
300 22
301 70
302 22
303 36
304 70
305 36
306 70
307 70
308 70
309 22
310 70
311 7
312 7
313 36
314 7
315 7
316 36
317 7
318 7
319 7
320 36
321 36
322 36
323 36
324 36
325 36
326 7
327 36
328 7
329 36
330 36
331 36
332 36
333 36
334 36
335 36
336 36
337 36
338 36
339 36
340 52
341 2
342 36
343 9
344 9
345 2
346 22
347 22
348 22
349 11
350 11
351 36
352 36
353 36
354 36
355 22
356 22
357 60
358 60
359 22
360 48
361 22
362 22
363 22
364 7
365 22
366 60
367 60
368 60
369 60
370 60
371 60
372 60
373 60
374 69
375 61
376 69
377 61
378 60
379 69
380 61
381 20
382 69
383 20
384 49
385 20
386 60
387 20
388 20
389 20
390 61
391 2
392 9
393 40
394 48
395 2
396 2
397 2
398 2
399 9
400 48
401 20
402 69
403 20
404 61
405 61
406 72
407 61
408 72
409 20
410 61
411 2
412 2
413 48
414 2
415 9
416 9
417 2
418 9
419 9
420 9
421 74
422 9
423 60
424 48
425 48
426 56
427 48
428 48
429 48
430 48
431 7
432 75
433 32
434 64
435 7
436 74
437 75
438 52
439 75
440 45
441 7
442 7
443 60
444 7
445 60
446 7
447 60
448 7
449 69
450 7
451 49
452 20
453 39
454 69
455 60
456 39
457 20
458 60
459 20
460 20
461 2
462 48
463 60
464 25
465 48
466 60
467 60
468 48
469 25
470 60
471 48
472 9
473 9
474 48
475 9
476 9
477 2
478 2
479 48
480 2
481 72
482 72
483 11
484 61
485 11
486 72
487 61
488 61
489 60
490 72
491 60
492 2
493 2
494 2
495 2
496 60
497 2
498 11
499 9
500 9
501 25
502 11
503 9
504 9
505 9
506 9
507 9
508 9
509 9
510 9
511 64
512 65
513 65
514 65
515 65
516 65
517 32
518 65
519 65
520 65
521 3
522 58
523 74
524 75
525 62
526 74
527 62
528 75
529 12
530 74
531 47
532 80
533 46
534 46
535 80
536 65
537 46
538 65
539 46
540 46
541 65
542 65
543 15
544 65
545 65
546 65
547 65
548 65
549 65
550 65
551 47
552 5
553 47
554 47
555 47
556 25
557 47
558 47
559 47
560 5
561 47
562 5
563 5
564 5
565 47
566 47
567 47
568 47
569 47
570 47
571 74
572 74
573 74
574 74
575 74
576 47
577 74
578 47
579 58
580 74
581 47
582 47
583 47
584 47
585 47
586 15
587 15
588 47
589 47
590 47
591 47
592 65
593 65
594 47
595 65
596 80
597 46
598 80
599 47
600 65
601 80
602 5
603 61
604 80
605 46
606 11
607 46
608 11
609 46
610 46
611 48
612 76
613 76
614 40
615 76
616 48
617 76
618 48
619 48
620 76
621 5
622 5
623 5
624 11
625 5
626 76
627 76
628 11
629 76
630 76
631 65
632 65
633 65
634 7
635 7
636 15
637 7
638 15
639 15
640 15
641 80
642 7
643 15
644 7
645 15
646 15
647 15
648 15
649 15
650 15
651 46
652 15
653 46
654 7
655 15
656 46
657 46
658 7
659 15
660 7
661 76
662 36
663 62
664 76
665 76
666 70
667 70
668 76
669 76
670 36
671 76
672 9
673 76
674 76
675 9
676 9
677 76
678 9
679 9
680 76
681 80
682 80
683 80
684 80
685 36
686 46
687 80
688 76
689 46
690 76
691 76
692 76
693 76
694 80
695 80
696 80
697 80
698 80
699 70
700 70
701 46
702 46
703 46
704 20
705 46
706 46
707 46
708 46
709 46
710 80
711 72
712 9
713 80
714 80
715 80
716 9
717 9
718 80
719 11
720 11
721 80
722 11
723 9
724 80
725 80
726 80
727 11
728 80
729 9
730 9
731 70
732 48
733 15
734 15
735 62
736 74
737 70
738 48
739 25
740 15
741 15
742 15
743 15
744 48
745 15
746 48
747 15
748 15
749 75
750 15
751 70
752 70
753 70
754 70
755 70
756 70
757 70
758 2
759 9
760 9
761 40
762 9
763 2
764 2
765 9
766 2
767 9
768 9
769 9
770 70
771 22
772 22
773 22
774 22
775 36
776 36
777 70
778 22
779 22
780 22
781 36
782 22
783 22
784 22
785 36
786 22
787 11
788 22
789 11
790 22
791 22
792 70
793 70
794 70
795 70
796 70
797 70
798 70
799 70
800 70
